23028
23052
23013
23124
23086
23088
23015
23085
23126
23248
22939
23125
23127
22940
23307
23260
23380
23395
23394
23428
23450
23429
23165
23253
23430
23251
23568
23250
23570
23249
23562
23412
23451
23452
23131
23455
23456
23458
23754
23453
23460
23572
23457
23461
23595
23755
23454
23016
23649
23017
22964
23014
23735
23585
23252
23719
23721
23105
23723
23106
22319
23720
22317
23462
22321
22314
22303
23431
23107
23470
22349
23756
23574
23108
22355
22356
23414
23037
23463
23467
23408
23464
23594
23447
22337
22977
23109
22366
22370
22369
22315
22361
23227
22492
22371
22498
22360
22497
23406
22368
23409
22358
22394
22359
23411
22357
23465
23410
23469
23416
23266
22376
23404
23415
22374
22362
23405
22367
22494
23468
22481
23466
23407
23413
22373
23403
23722
22372
22509
22510
22508
23449
22513
23751
22313
22518
22512
22519
22493
22501
22499
22545
22502
22503
22496
22504
22500
22363
22535
23282
22523
22531
22537
22529
22933
22530
22528
22516
22532
23321
23750
22525
22582
22514
22579
22515
22533
22569
22558
22931
22557
22559
22924
23315
22526
23448
22922
22918
23388
22976
22919
22930
22912
23365
22941
22588
23368
22578
23255
22576
22577
22927
22914
22913
23310
23355
22915
23350
22320
22960
23349
22917
22928
22925
23338
23312
23352
22538
23372
22965
22599
23279
22597
22962
22909
23301
23375
23753
22916
23376
23342
23367
23306
22562
22945
23373
22598
22974
23366
22587
22936
22584
22943
23278
23371
23277
22959
23361
22561
23084
22923
23327
22963
23309
23313
22822
22818
23443
22837
22821
23360
22815
22813
23358
22957
22592
22820
22612
23351
23281
22749
22911
23293
23331
23346
22534
23317
22560
22688
22714
22734
22713
22687
23356
23337
23328
23369
22712
22685
22920
23343
22990
23311
22738
23341
23332
23319
23344
23318
23324
22705
23348
22972
22717
22716
22715
22718
23390
23387
22921
23425
22956
22719
23441
23353
23724
22794
23271
23258
22934
22245
23257
23064
23385
22961
23370
23320
23432
23363
22953
22780
22809
23398
23322
23297
23272
22954
22838
22595
23275
23274
22803
23440
23738
23345
23399
23294
23397
23511
23357
23377
23033
23305
22975
23256
22791
22589
23445
22596
22810
23287
22792
23575
22840
22839
22294
23036
23501
22955
23032
23442
23396
22952
23303
22787
22802
23393
23034
23314
22804
22201
22789
23492
23095
23067
23302
23299
23059
22790
22784
23336
23280
23035
22783
23323
23325
23335
22211
22215
23401
23330
23506
23359
23400
23300
22197
23304
23386
22770
23514
22546
22768
22773
23296
23333
23092
22778
23334
23276
22788
22958
23374
23339
23295
23285
23569
22793
23094
22981
22774
22769
23093
23382
23291
22767
23392
23292
22775
23444
23726
23439
23057
22973
22746
23354
23507
22982
22937
22776
23505
22744
23340
23091
23273
23298
23326
22777
23497
23284
22970
22765
23329
23083
22949
23728
23288
23512
23007
23603
23290
23283
22766
23001
23383
22760
22759
23065
23267
22772
22743
22198
22763
22944
23513
23289
22781
22796
22797
22795
22910
23446
22800
22798
22750
23558
22948
23076
22764
22978
23529
23747
23504
22745
22782
22779
23082
22799
22755
22947
22754
22748
23027
22824
23090
22771
22828
23063
22757
22753
23565
23601
22999
22969
23496
23066
23003
23286
22968
23509
23389
22758
22971
23531
23025
22199
23541
22751
22827
23503
23005
23746
23402
22786
22829
23557
23031
23077
23080
23062
23475
22785
22826
23489
23002
23362
23060
23019
23081
23731
23061
23498
23471
22979
22752
23553
23269
22609
23727
23265
22950
23488
23071
22756
22567
23502
22762
22761
22224
23056
23264
23270
23552
23508
23008
23495
23040
23308
23733
23102
22825
23009
22200
23598
22225
23499
22179
22983
23024
23732
22721
22573
23527
23736
23522
23480
23023
22747
23521
23000
23006
23004
23538
23364
22572
22997
23743
22989
23608
22951
23612
23745
23622
23058
23730
23611
23381
22178
23602
22222
23096
22570
22223
23744
23535
23476
23500
23026
23516
22221
23729
23479
23624
23528
23010
23604
22946
22614
23740
23742
22565
23567
23580
23548
22610
22615
23551
23039
23523
23530
22566
23537
23610
23038
23487
22611
22564
22301
23577
22568
23494
22563
23539
23012
23549
23623
22389
23621
22586
23643
23550
23054
23556
23526
22384
23263
23089
22967
22736
23484
23584
23606
23607
22455
23133
23520
22574
22996
23011
23592
23079
22613
23582
23543
23734
22324
23030
23262
23555
23069
23518
23564
22304
23073
23631
23044
22991
23022
23483
22656
23493
23020
23637
22323
23070
22998
23588
23135
23473
23547
22555
23515
23472
22580
22263
22966
22325
23478
23646
22383
23045
23268
22812
23477
23534
22720
22322
23600
23104
22841
23021
22333
23554
22377
22550
22462
23573
23698
22386
23617
23524
23571
23609
23087
23078
22381
22351
22328
22375
22388
23616
23546
22378
23517
22842
22995
23545
22365
23482
23620
22985
22334
22264
23711
23632
23579
23491
22390
22335
22988
23566
22742
22364
23055
23544
23490
22414
23486
22984
23215
23618
22553
22382
22548
22994
23510
22300
23259
23097
22417
22556
23474
23519
22391
22470
22339
23533
23074
23068
22987
22353
23525
23619
23581
22551
23481
22348
23587
23633
23261
22354
22428
22302
22329
22309
22305
23018
22379
23627
22380
22454
22467
22352
22331
23050
22306
22476
22281
22457
23563
22415
23640
23043
23101
23629
22446
22460
23697
23561
22992
22387
22227
22308
23615
23614
22469
23703
23635
23485
22731
22443
22419
22453
22880
22450
22477
22327
23672
22235
22350
23559
22463
23597
22843
22461
22411
23634
22307
22478
22397
23099
22298
23630
23696
22452
22412
23644
22844
23695
22247
22326
23642
22473
22421
22246
22464
22448
23669
22466
23639
22593
22465
22459
23628
22442
22182
23046
22416
23542
23128
23706
22480
22406
23536
22332
23668
22257
22180
22187
22430
22437
22447
22425
22445
22435
22434
23671
22336
23049
22259
22236
22420
22413
22475
23709
23626
22258
22256
23691
23072
22471
22441
23042
23641
23593
22299
23700
22282
22408
22400
23638
22404
23149
23048
23712
22433
23560
22848
22474
22444
22250
23586
22183
22422
23666
22267
22431
22286
22449
23098
23647
22240
23645
22472
23625
23708
22252
22424
22344
23613
23605
22438
22405
23658
23707
22287
22276
23682
23100
22591
22244
22345
22993
23717
23705
22343
22253
22440
22243
22279
22241
23699
22432
22396
23675
23657
22255
22312
22429
22393
22398
22237
22181
22436
22330
22242
22673
22407
22347
22402
22271
22426
22401
22590
23636
22409
22238
22261
22427
23191
23692
22399
22316
23665
22678
22260
22670
22346
23791
22395
23648
22251
22268
22270
22274
23693
22651
23661
22641
22722
22594
22272
22669
22667
23702
22410
22392
23660
22219
22817
22836
23103
22311
23122
23701
23655
22668
23685
22273
22278
22739
22635
22831
22833
23667
23650
22277
23704
22834
22680
23148
22830
23664
23653
23788
22249
22733
22310
23116
22216
22642
22662
23590
23576
23659
22265
23654
23674
22184
22679
22652
23146
23670
23688
22832
22275
22634
22640
22661
22262
23689
23713
22338
22650
22805
22881
23663
23137
23694
22835
23683
22654
23145
23770
22723
23150
23715
23147
22732
23673
22671
22269
22808
23041
22663
22638
22740
22341
23771
22806
22266
22807
23652
22811
22681
22735
23710
23651
23680
23789
22726
22643
22637
22737
23119
23690
23714
22659
23716
22676
23766
22725
22730
22633
22649
23687
23164
23677
22630
23136
23794
23681
22218
22672
22632
22728
22674
22665
23676
22724
23144
22711
22727
22606
22626
22704
22646
22658
23679
22631
23678
22645
23142
22675
22636
22602
22707
23792
22608
22644
23162
22741
22619
22628
22709
23143
22648
22699
22340
22603
22625
22623
22624
22710
22639
23141
22627
23151
22209
23773
23787
22629
22660
22647
22701
22607
22682
23774
22207
22708
22666
22229
23684
23239
23793
23139
22664
22600
22185
22618
23662
23783
22683
22684
23784
23051
23120
22605
23790
22288
23244
22702
22694
23129
23772
22620
23187
22617
22289
23190
23234
23184
23241
23243
23053
22208
23161
22210
23213
23782
22691
23776
23780
23785
22604
22601
23236
22621
23237
22895
23245
22292
22203
23795
22622
23777
22703
22205
23173
22896
23140
22293
23238
23242
23160
22697
22700
22297
23769
23686
22900
22693
22698
22897
22689
23156
23229
23230
22894
23240
22295
22884
22296
23765
22696
22898
22893
22892
22195
22883
22890
22616
22905
23246
23199
23424
23418
22291
23233
23768
23166
23188
23158
23197
22902
23193
22206
23138
22886
22889
23110
23155
23196
23113
23786
23185
22290
23159
22903
22849
23157
23186
23174
23231
23111
22879
23169
23195
23423
23180
22870
22873
22986
23167
22882
23189
22192
23176
23420
22196
22536
23228
23170
22878
23198
23152
23153
23154
23181
23232
22869
22877
22876
23778
23047
23172
22863
23211
22885
23178
22888
22874
22875
22887
23182
23179
23212
22862
22871
22864
23177
23168
23171
22186
22865
22907
23194
23419
23218
23183
23422
23219
22859
23205
23206
23775
22202
23421
22861
23247
22852
23163
22854
23764
23204
23175
22860
23224
23767
22851
23201
23779
23200
22853
22858
23202
23235
23217
23210
23216
22850
22868
22867
23760
22857
22866
23781
23221
23192
23761
22847
23209
23763
23759
23222
22855
23203
22856
22543
23220
23225
22845
23223
22846
23762
23417
23437
23438
23436
23434
23208
23433
23435
23214
22193
23207
22188
22189
23758
23757
22190
22980
23117
23378
23583
23656
22191