           2          13           3           1         225         719
           2          13           3           2         225         695
           2          13           3           3         218         685
           2          13           3           4         161         636
           2          13           3           5         228         758
           2          13           3           6         216         759
           2          13           3           7         195         827
           2          13           3           8         393        1820
           2          13           3           9         316        2215
           2          13           3          10         402        1930
           2          13           3          11         431        2074
           2          13           3          12         353        2096
           2          13           9           0         463        1067
           2          13           9           1         474        1036
           2          13           9           2         440         944
           2          13           9           3         457         927
           2          13           9           4         456         963
           2          13           9           5         417         942
           2          13           9           6         410        1084
           2          13           9           7         425        1098
           2          13           9           8         396        1056
           2          13           9           9         390        1145
           2          13           9          10         323        1051
           2          13           9          11         269        1154
           2          13           8           0        1171        1513
           2          13           8           1         265        1078
           2          13           8           2         199         862
           2          13           8           3         223         791
           2          13           8           4         158         789
           2          13           8           5         387         469
           2          13           8           6         217         762
           2          13           8           7         160         719
           2          13           8           8         255         843
           2          13           8           9         182         731
           2          13           8          10         132         689
           2          13           8          11         182         733
           2          13           0           1         293         629
           2          13           0           2         360         641
           2          13           0           3         339         608
           2          13           0           4         384         687
           2          13           0           5         375         644
           2          13           0           6         404         674
           2          13           0           7         391         613
           2          13           0           8         389         607
           2          13           0           9         347         676
           2          13           0          10         429         720
           2          13           0          11         393         669
           2          13           0          12         427         714
           2          13           2           0         426         612
           2          13           2           1         447         684
           2          13           2           2         467         656
           2          13           2           3         502         662
           2          13           2           4         439         592
           2          13           2           5         500         644
           2          13           2           6         436         609
           2          13           2           7         425         613
           2          13           2           8         370         536
           2          13           2           9         397         576
           2          13           2          10         510         693
           2          13           2          11         374         569
           2          13           1           0         515         695
           2          13           1           1         443         590
           2          13           1           2         442         590
           2          13           1           3         465         625
           2          13           1           4         458         637
           2          13           1           5         503         687
           2          13           1           6         454         650
           2          13           1           7         454         637
           2          13           1           8         534         719
           2          13           1           9         417         627
           2          13           1          10         471         742
           2          13           1          11         400         664
