           2          13           3           1         431         667
           2          13           3           2         453         652
           2          13           3           3         439         644
           2          13           3           4         403         600
           2          13           3           5         477         722
           2          13           3           6         481         728
           2          13           3           7         276         844
           2          13           3           8         438         645
           2          13           3           9         374         664
           2          13           3          10         442         686
           2          13           3          11         461         722
           2          13           3          12         386         682
           2          13           9           0         469         725
           2          13           9           1         468         690
           2          13           9           2         469         636
           2          13           9           3         493         650
           2          13           9           4         510         673
           2          13           9           5         505         649
           2          13           9           6         531         689
           2          13           9           7         530         683
           2          13           9           8         487         642
           2          13           9           9         531         729
           2          13           9          10         470         680
           2          13           9          11         505         752
           2          13           8           0        1222        1364
           2          13           8           1         514         736
           2          13           8           2         363         604
           2          13           8           3         393         585
           2          13           8           4         386         572
           2          13           8           5         439         474
           2          13           8           6         407         583
           2          13           8           7         337         549
           2          13           8           8         495         702
           2          13           8           9         385         576
           2          13           8          10         374         577
           2          13           8          11         400         627
           2          13           0           1         426         623
           2          13           0           2         467         636
           2          13           0           3         448         611
           2          13           0           4         497         699
           2          13           0           5         467         654
           2          13           0           6         487         687
           2          13           0           7         397         621
           2          13           0           8         443         622
           2          13           0           9         372         592
           2          13           0          10         452         671
           2          13           0          11         417         614
           2          13           0          12         445         642
           2          13           2           0         424         597
           2          13           2           1         458         632
           2          13           2           2         453         634
           2          13           2           3         453         646
           2          13           2           4         469         589
           2          13           2           5         482         641
           2          13           2           6         470         603
           2          13           2           7         456         613
           2          13           2           8         379         531
           2          13           2           9         433         572
           2          13           2          10         516         687
           2          13           2          11         381         569
           2          13           1           0         492         677
           2          13           1           1         459         585
           2          13           1           2         457         594
           2          13           1           3         471         618
           2          13           1           4         494         626
           2          13           1           5         535         681
           2          13           1           6         481         648
           2          13           1           7         501         634
           2          13           1           8         572         709
           2          13           1           9         473         609
           2          13           1          10         558         740
           2          13           1          11         457         663
