          11          11           3           1         185        1817
          11          11           3           2         185        1571
          11          11           3           3         188        1558
          11          11           3           4         123        1463
          11          11           3           5         207        1668
          11          11           3           6         183        1651
          11          11           3           7         128        1195
          11          11           3           8         301        1067
          11          11           3           9         146        1267
          11          11           3          10         238        1191
          11          11           3          11         201        1298
          11          11           3          12         133        1315
          11          11           5           0         263         875
          11          11           5           1         254         940
          11          11           5           2         190         821
          11          11           5           3         223         853
          11          11           5           4         277         928
          11          11           5           5         213         817
          11          11           5           6         283         926
          11          11           5           7         216         946
          11          11           5           8         214         894
          11          11           5           9         217         982
          11          11           5          10         199         947
          11          11           5          11         226         977
          11          11           4           0         299        1034
          11          11           4           1         336        1181
          11          11           4           2         178        1090
          11          11           4           3         224        1091
          11          11           4           4         121        1138
          11          11           4           5         429         530
          11          11           4           6         177        1267
          11          11           4           7         125        1202
          11          11           4           8         218        1392
          11          11           4           9         120        1216
          11          11           4          10          75        1272
          11          11           4          11         113        1228
          11          11           0           1         156        1679
          11          11           0           2         245        1450
          11          11           0           3         117        1441
          11          11           0           4         187        1529
          11          11           0           5         183        1445
          11          11           0           6         207        1406
          11          11           0           7         162        1104
          11          11           0           8         283        1081
          11          11           0           9         163        1132
          11          11           0          10         216        1199
          11          11           0          11         187        1187
          11          11           0          12         232        1232
          11          11           2           0         252        1147
          11          11           2           1         133        1058
          11          11           2           2         172        1133
          11          11           2           3         137        1157
          11          11           2           4         133        1148
          11          11           2           5         194        1230
          11          11           2           6         188        1227
          11          11           2           7         168        1158
          11          11           2           8         211        1237
          11          11           2           9         203        1131
          11          11           2          10         173        1237
          11          11           2          11         157        1163
          11          11           1           0         119        1044
          11          11           1           1         188        1280
          11          11           1           2         213        1161
          11          11           1           3         249        1260
          11          11           1           4         157        1303
          11          11           1           5         189        1384
          11          11           1           6         149        1373
          11          11           1           7         191        1299
          11          11           1           8         121        1187
          11          11           1           9         183        1186
          11          11           1          10         168        1329
          11          11           1          11         131        1149
