          11          11           3           1         188        1461
          11          11           3           2         175        1294
          11          11           3           3         180        1314
          11          11           3           4         115        1255
          11          11           3           5         199        1430
          11          11           3           6         174        1410
          11          11           3           7         151        1092
          11          11           3           8         287        1139
          11          11           3           9         132        1329
          11          11           3          10         224        1253
          11          11           3          11         184        1358
          11          11           3          12         115        1390
          11          11           5           0         213         961
          11          11           5           1         250         941
          11          11           5           2         215         799
          11          11           5           3         292         804
          11          11           5           4         355         852
          11          11           5           5         307         737
          11          11           5           6         384         814
          11          11           5           7         332         780
          11          11           5           8         290         723
          11          11           5           9         319         822
          11          11           5          10         312         808
          11          11           5          11         332         831
          11          11           4           0         393         850
          11          11           4           1         490         936
          11          11           4           2         297         792
          11          11           4           3         299         828
          11          11           4           4         208         883
          11          11           4           5         419         524
          11          11           4           6         191        1035
          11          11           4           7         144         985
          11          11           4           8         314        1143
          11          11           4           9         179         964
          11          11           4          10         161        1008
          11          11           4          11         234        1001
          11          11           0           1         142        1380
          11          11           0           2         232        1325
          11          11           0           3         104        1378
          11          11           0           4         174        1539
          11          11           0           5         171        1490
          11          11           0           6         197        1424
          11          11           0           7         153        1111
          11          11           0           8         250        1078
          11          11           0           9         143        1423
          11          11           0          10         199        1478
          11          11           0          11         167        1402
          11          11           0          12         214        1529
          11          11           2           0         256        1056
          11          11           2           1         137         982
          11          11           2           2         176        1051
          11          11           2           3         149        1091
          11          11           2           4         160        1066
          11          11           2           5         242        1139
          11          11           2           6         210        1094
          11          11           2           7         206        1024
          11          11           2           8         213        1088
          11          11           2           9         198        1029
          11          11           2          10         162        1157
          11          11           2          11         150        1085
          11          11           1           0         103        1192
          11          11           1           1         181        1475
          11          11           1           2         200        1233
          11          11           1           3         240        1316
          11          11           1           4         150        1307
          11          11           1           5         183        1358
          11          11           1           6         143        1361
          11          11           1           7         185        1313
          11          11           1           8         112        1179
          11          11           1           9         176        1164
          11          11           1          10         175        1303
          11          11           1          11         126        1101
