          11          11           3           1         296         864
          11          11           3           2         302         816
          11          11           3           3         292         825
          11          11           3           4         238         820
          11          11           3           5         346         985
          11          11           3           6         319         992
          11          11           3           7         189         917
          11          11           3           8         368        1016
          11          11           3           9         175        1100
          11          11           3          10         272        1156
          11          11           3          11         234        1210
          11          11           3          12         153        1186
          11          11           5           0         404         817
          11          11           5           1         407         796
          11          11           5           2         333         681
          11          11           5           3         357         716
          11          11           5           4         433         791
          11          11           5           5         379         709
          11          11           5           6         456         777
          11          11           5           7         405         730
          11          11           5           8         382         688
          11          11           5           9         406         764
          11          11           5          10         391         750
          11          11           5          11         399         790
          11          11           4           0         484         867
          11          11           4           1         544         967
          11          11           4           2         368         820
          11          11           4           3         419         788
          11          11           4           4         382         768
          11          11           4           5         449         555
          11          11           4           6         390         803
          11          11           4           7         330         802
          11          11           4           8         487         950
          11          11           4           9         353         778
          11          11           4          10         368         761
          11          11           4          11         352         786
          11          11           0           1         192         979
          11          11           0           2         280         996
          11          11           0           3         194        1006
          11          11           0           4         245        1149
          11          11           0           5         204        1174
          11          11           0           6         240        1184
          11          11           0           7         195         924
          11          11           0           8         255        1275
          11          11           0           9         163        1327
          11          11           0          10         222        1466
          11          11           0          11         193        1380
          11          11           0          12         239        1457
          11          11           2           0         336         884
          11          11           2           1         213         786
          11          11           2           2         256         842
          11          11           2           3         251         873
          11          11           2           4         283         824
          11          11           2           5         375         862
          11          11           2           6         332         806
          11          11           2           7         336         798
          11          11           2           8         330         874
          11          11           2           9         272         828
          11          11           2          10         305        1023
          11          11           2          11         218        1060
          11          11           1           0         166         786
          11          11           1           1         210         914
          11          11           1           2         261         880
          11          11           1           3         296         953
          11          11           1           4         240         945
          11          11           1           5         256         980
          11          11           1           6         219         948
          11          11           1           7         282         922
          11          11           1           8         220         846
          11          11           1           9         258         850
          11          11           1          10         290         974
          11          11           1          11         226         808
