          11          11           3           1         331         749
          11          11           3           2         348         719
          11          11           3           3         330         723
          11          11           3           4         259         696
          11          11           3           5         337         841
          11          11           3           6         317         822
          11          11           3           7         199         791
          11          11           3           8         395         882
          11          11           3           9         222         909
          11          11           3          10         343         907
          11          11           3          11         346         971
          11          11           3          12         233         968
          11          11           5           0         391         755
          11          11           5           1         435         716
          11          11           5           2         362         610
          11          11           5           3         405         646
          11          11           5           4         479         735
          11          11           5           5         411         657
          11          11           5           6         501         749
          11          11           5           7         457         714
          11          11           5           8         435         666
          11          11           5           9         448         711
          11          11           5          10         428         689
          11          11           5          11         462         736
          11          11           4           0         552         776
          11          11           4           1         624         882
          11          11           4           2         446         756
          11          11           4           3         465         730
          11          11           4           4         411         711
          11          11           4           5           0           0
          11          11           4           6         445         734
          11          11           4           7         393         704
          11          11           4           8         543         852
          11          11           4           9         402         709
          11          11           4          10         401         705
          11          11           4          11         421         728
          11          11           0           1         277         801
          11          11           0           2         340         820
          11          11           0           3         246         830
          11          11           0           4         288         966
          11          11           0           5         230         965
          11          11           0           6         285        1004
          11          11           0           7         283         896
          11          11           0           8         311        1054
          11          11           0           9         196        1135
          11          11           0          10         226        1236
          11          11           0          11         203        1100
          11          11           0          12         248        1192
          11          11           2           0         392         745
          11          11           2           1         280         629
          11          11           2           2         342         679
          11          11           2           3         364         709
          11          11           2           4         409         711
          11          11           2           5         488         766
          11          11           2           6         444         705
          11          11           2           7         421         683
          11          11           2           8         416         747
          11          11           2           9         319         731
          11          11           2          10         365         932
          11          11           2          11         230        1000
          11          11           1           0         277         667
          11          11           1           1         330         767
          11          11           1           2         405         726
          11          11           1           3         428         780
          11          11           1           4         395         759
          11          11           1           5         382         789
          11          11           1           6         323         748
          11          11           1           7         347         736
          11          11           1           8         276         663
          11          11           1           9         298         667
          11          11           1          10         354         799
          11          11           1          11         269         691
