          11          11           3           1         160        2866
          11          11           3           2         159        2617
          11          11           3           3         164        2601
          11          11           3           4          98        2424
          11          11           3           5         183        2685
          11          11           3           6         158        2632
          11          11           3           7         105        1653
          11          11           3           8         278        1738
          11          11           3           9         122        2320
          11          11           3          10         214        2148
          11          11           3          11         175        2296
          11          11           3          12         107        2394
          11          11           5           0         166        1325
          11          11           5           1         177        1371
          11          11           5           2         119        1140
          11          11           5           3         107        1079
          11          11           5           4         155        1062
          11          11           5           5         135         894
          11          11           5           6         204         976
          11          11           5           7         202         964
          11          11           5           8         215         897
          11          11           5           9         214        1009
          11          11           5          10         178         990
          11          11           5          11         200        1058
          11          11           4           0         248        1167
          11          11           4           1         227        1374
          11          11           4           2         163        1335
          11          11           4           3         210        1375
          11          11           4           4         103        1507
          11          11           4           5         445         529
          11          11           4           6         162        1759
          11          11           4           7         108        1711
          11          11           4           8         199        2002
          11          11           4           9         103        1804
          11          11           4          10          58        1991
          11          11           4          11          96        1948
          11          11           0           1         142        1814
          11          11           0           2         234        1562
          11          11           0           3         107        1571
          11          11           0           4         176        1702
          11          11           0           5         174        1661
          11          11           0           6         197        1630
          11          11           0           7         158        1217
          11          11           0           8         269        1106
          11          11           0           9         144        1318
          11          11           0          10         200        1381
          11          11           0          11         170        1323
          11          11           0          12         217        1415
          11          11           2           0         249        1218
          11          11           2           1         128        1147
          11          11           2           2         167        1229
          11          11           2           3         128        1298
          11          11           2           4         126        1292
          11          11           2           5         188        1369
          11          11           2           6         183        1382
          11          11           2           7         161        1351
          11          11           2           8         207        1448
          11          11           2           9         198        1332
          11          11           2          10         157        1430
          11          11           2          11         147        1343
          11          11           1           0         106        1084
          11          11           1           1         182        1344
          11          11           1           2         202        1167
          11          11           1           3         242        1231
          11          11           1           4         150        1256
          11          11           1           5         181        1340
          11          11           1           6         142        1360
          11          11           1           7         183        1314
          11          11           1           8         109        1212
          11          11           1           9         174        1201
          11          11           1          10         160        1380
          11          11           1          11         120        1188
