          11          11           3           1         170        2695
          11          11           3           2         172        2452
          11          11           3           3         176        2442
          11          11           3           4         111        2261
          11          11           3           5         197        2521
          11          11           3           6         171        2463
          11          11           3           7         116        1613
          11          11           3           8         286        1389
          11          11           3           9         130        1955
          11          11           3          10         221        1809
          11          11           3          11         182        1974
          11          11           3          12         114        2062
          11          11           5           0         166        1258
          11          11           5           1         179        1242
          11          11           5           2         124        1042
          11          11           5           3         125        1045
          11          11           5           4         168        1102
          11          11           5           5         152         939
          11          11           5           6         211        1026
          11          11           5           7         170        1007
          11          11           5           8         200         970
          11          11           5           9         200        1124
          11          11           5          10         171        1081
          11          11           5          11         197        1132
          11          11           4           0         254        1236
          11          11           4           1         242        1438
          11          11           4           2         164        1396
          11          11           4           3         208        1425
          11          11           4           4         102        1534
          11          11           4           5         413         526
          11          11           4           6         162        1734
          11          11           4           7         107        1673
          11          11           4           8         200        1887
          11          11           4           9         103        1717
          11          11           4          10          56        1808
          11          11           4          11          94        1761
          11          11           0           1         143        1624
          11          11           0           2         231        1479
          11          11           0           3         104        1481
          11          11           0           4         173        1579
          11          11           0           5         171        1541
          11          11           0           6         195        1482
          11          11           0           7         154        1197
          11          11           0           8         264        1091
          11          11           0           9         141        1182
          11          11           0          10         200        1247
          11          11           0          11         167        1181
          11          11           0          12         214        1260
          11          11           2           0         246        1175
          11          11           2           1         127        1075
          11          11           2           2         164        1146
          11          11           2           3         130        1236
          11          11           2           4         126        1240
          11          11           2           5         188        1330
          11          11           2           6         182        1274
          11          11           2           7         160        1196
          11          11           2           8         206        1251
          11          11           2           9         198        1121
          11          11           2          10         160        1250
          11          11           2          11         149        1176
          11          11           1           0         108        1028
          11          11           1           1         180        1222
          11          11           1           2         200        1096
          11          11           1           3         238        1184
          11          11           1           4         147        1197
          11          11           1           5         180        1242
          11          11           1           6         140        1260
          11          11           1           7         182        1241
          11          11           1           8         110        1138
          11          11           1           9         173        1151
          11          11           1          10         160        1302
          11          11           1          11         120        1108
