          11          11           3           1         198        2414
          11          11           3           2         198        2068
          11          11           3           3         200        2090
          11          11           3           4         132        1962
          11          11           3           5         215        2174
          11          11           3           6         191        2159
          11          11           3           7         135        1363
          11          11           3           8         301        1283
          11          11           3           9         159        1839
          11          11           3          10         250        1712
          11          11           3          11         212        1861
          11          11           3          12         146        1937
          11          11           5           0         196        1181
          11          11           5           1         207        1222
          11          11           5           2         154        1002
          11          11           5           3         162         926
          11          11           5           4         257         959
          11          11           5           5         259         808
          11          11           5           6         288         919
          11          11           5           7         217         932
          11          11           5           8         228         896
          11          11           5           9         228        1038
          11          11           5          10         199         994
          11          11           5          11         225        1060
          11          11           4           0         276        1113
          11          11           4           1         271        1300
          11          11           4           2         191        1224
          11          11           4           3         235        1229
          11          11           4           4         131        1317
          11          11           4           5         428         537
          11          11           4           6         188        1529
          11          11           4           7         135        1461
          11          11           4           8         226        1681
          11          11           4           9         130        1513
          11          11           4          10          84        1605
          11          11           4          11         121        1584
          11          11           0           1         166        1782
          11          11           0           2         256        1528
          11          11           0           3         132        1527
          11          11           0           4         200        1638
          11          11           0           5         197        1598
          11          11           0           6         220        1545
          11          11           0           7         176        1238
          11          11           0           8         287        1117
          11          11           0           9         178        1244
          11          11           0          10         229        1349
          11          11           0          11         198        1241
          11          11           0          12         242        1280
          11          11           2           0         270        1174
          11          11           2           1         153        1107
          11          11           2           2         191        1158
          11          11           2           3         157        1185
          11          11           2           4         153        1182
          11          11           2           5         212        1269
          11          11           2           6         206        1270
          11          11           2           7         186        1222
          11          11           2           8         230        1369
          11          11           2           9         222        1283
          11          11           2          10         182        1434
          11          11           2          11         172        1379
          11          11           1           0         131        1141
          11          11           1           1         202        1333
          11          11           1           2         221        1183
          11          11           1           3         260        1272
          11          11           1           4         171        1285
          11          11           1           5         202        1339
          11          11           1           6         162        1340
          11          11           1           7         205        1286
          11          11           1           8         135        1177
          11          11           1           9         199        1208
          11          11           1          10         184        1360
          11          11           1          11         148        1161
