          11          11           3           1         -83         664
          11          11           3           2         -16         639
          11          11           3           3         -28         646
          11          11           3           4          -6         604
          11          11           3           5         -56         740
          11          11           3           6         -32         736
          11          11           3           7         -77         616
          11          11           3           8        -350         695
          11          11           3           9        -112         674
          11          11           3          10         -26         736
          11          11           3          11         -63         779
          11          11           3          12         -21         722
          11          11           5           0         -39         864
          11          11           5           1         -17         686
          11          11           5           2          -9         725
          11          11           5           3         -28         662
          11          11           5           4         -43         714
          11          11           5           5         -37         660
          11          11           5           6         -32         694
          11          11           5           7         -14         686
          11          11           5           8         -41         655
          11          11           5           9         -40         709
          11          11           5          10         -67         669
          11          11           5          11         -61         717
          11          11           4           0         -24         691
          11          11           4           1         -33         784
          11          11           4           2         -13         629
          11          11           4           3          -4         620
          11          11           4           4         -11         588
          11          11           4           5          -4         507
          11          11           4           6         -61         600
          11          11           4           7         -18         568
          11          11           4           8         -12         718
          11          11           4           9          -9         582
          11          11           4          10          -4         594
          11          11           4          11         -14         606
          11          11           0           1           0           0
          11          11           0           2           0           0
          11          11           0           3           0           0
          11          11           0           4           0           0
          11          11           0           5           0           0
          11          11           0           6           0           0
          11          11           0           7           0           0
          11          11           0           8        -208         796
          11          11           0           9        -192         663
          11          11           0          10         -96         699
          11          11           0          11         -11         647
          11          11           0          12         -51         697
          11          11           2           0         -23         709
          11          11           2           1         -33         574
          11          11           2           2         -44         615
          11          11           2           3         -37         631
          11          11           2           4         -43         631
          11          11           2           5         -96         697
          11          11           2           6         -52         669
          11          11           2           7         -70         654
          11          11           2           8         -67         688
          11          11           2           9         -56         612
          11          11           2          10         -67         726
          11          11           2          11         -88         642
          11          11           1           0        -131         555
          11          11           1           1          -9         639
          11          11           1           2         -79         637
          11          11           1           3         -70         681
          11          11           1           4         -78         653
          11          11           1           5         -77         669
          11          11           1           6         -49         635
          11          11           1           7         -31         638
          11          11           1           8         -30         573
          11          11           1           9         -34         592
          11          11           1          10         -58         700
          11          11           1          11         -50         578
