          11          11           3           1         181        1371
          11          11           3           2         176        1217
          11          11           3           3         179        1255
          11          11           3           4         115        1191
          11          11           3           5         200        1374
          11          11           3           6         177        1340
          11          11           3           7         158        1042
          11          11           3           8         294        1147
          11          11           3           9         132        1345
          11          11           3          10         224        1294
          11          11           3          11         185        1389
          11          11           3          12         116        1406
          11          11           5           0         246         930
          11          11           5           1         288         932
          11          11           5           2         235         751
          11          11           5           3         292         754
          11          11           5           4         367         827
          11          11           5           5         315         752
          11          11           5           6         389         838
          11          11           5           7         336         822
          11          11           5           8         281         779
          11          11           5           9         299         846
          11          11           5          10         289         806
          11          11           5          11         302         869
          11          11           4           0         388         853
          11          11           4           1         482         945
          11          11           4           2         316         789
          11          11           4           3         327         819
          11          11           4           4         232         869
          11          11           4           5         415         526
          11          11           4           6         187        1021
          11          11           4           7         140         971
          11          11           4           8         317        1118
          11          11           4           9         187         939
          11          11           4          10         175         961
          11          11           4          11         218         965
          11          11           0           1         143        1815
          11          11           0           2         231        1688
          11          11           0           3         103        1693
          11          11           0           4         172        1814
          11          11           0           5         169        1765
          11          11           0           6         196        1698
          11          11           0           7         153        1296
          11          11           0           8         269        1100
          11          11           0           9         141        1260
          11          11           0          10         198        1295
          11          11           0          11         166        1223
          11          11           0          12         213        1303
          11          11           2           0         281        1180
          11          11           2           1         155        1108
          11          11           2           2         197        1111
          11          11           2           3         190        1138
          11          11           2           4         203        1082
          11          11           2           5         273        1099
          11          11           2           6         224        1030
          11          11           2           7         223        1026
          11          11           2           8         219        1112
          11          11           2           9         199        1036
          11          11           2          10         163        1206
          11          11           2          11         150        1149
          11          11           1           0         101        1166
          11          11           1           1         179        1533
          11          11           1           2         200        1332
          11          11           1           3         242        1444
          11          11           1           4         152        1462
          11          11           1           5         184        1510
          11          11           1           6         144        1515
          11          11           1           7         187        1468
          11          11           1           8         117        1340
          11          11           1           9         178        1318
          11          11           1          10         202        1454
          11          11           1          11         139        1245
