          11          11           3           1         235        1649
          11          11           3           2         229        1459
          11          11           3           3         228        1538
          11          11           3           4         162        1510
          11          11           3           5         252        1742
          11          11           3           6         239        1717
          11          11           3           7         163         983
          11          11           3           8         365         825
          11          11           3           9         172         946
          11          11           3          10         254         911
          11          11           3          11         216        1014
          11          11           3          12         152         993
          11          11           5           0         258         878
          11          11           5           1         229         863
          11          11           5           2         234         788
          11          11           5           3         243         805
          11          11           5           4         273         850
          11          11           5           5         305         810
          11          11           5           6         346         851
          11          11           5           7         388         872
          11          11           5           8         427         829
          11          11           5           9         530         880
          11          11           5          10         491         856
          11          11           5          11         517         948
          11          11           4           0         479         751
          11          11           4           1         563         860
          11          11           4           2         421         699
          11          11           4           3         433         723
          11          11           4           4         374         745
          11          11           4           5         422         525
          11          11           4           6         331         869
          11          11           4           7         260         873
          11          11           4           8         392        1074
          11          11           4           9         234         961
          11          11           4          10         216        1046
          11          11           4          11         202        1070
          11          11           0           1         179        1042
          11          11           0           2         260        1101
          11          11           0           3         136        1119
          11          11           0           4         204        1243
          11          11           0           5         200        1197
          11          11           0           6         224        1197
          11          11           0           7         179         997
          11          11           0           8         277        2012
          11          11           0           9         170        2200
          11          11           0          10         224        2576
          11          11           0          11         191        2408
          11          11           0          12         238        2647
          11          11           2           0         279         865
          11          11           2           1         162         739
          11          11           2           2         203         811
          11          11           2           3         168         821
          11          11           2           4         165         775
          11          11           2           5         228         822
          11          11           2           6         217         758
          11          11           2           7         196         734
          11          11           2           8         240         824
          11          11           2           9         231         787
          11          11           2          10         197         930
          11          11           2          11         182         948
          11          11           1           0         129        1924
          11          11           1           1         207        2284
          11          11           1           2         225        2099
          11          11           1           3         265        2130
          11          11           1           4         176        2019
          11          11           1           5         207        2021
          11          11           1           6         167        1981
          11          11           1           7         210        1804
          11          11           1           8         141        1502
          11          11           1           9         205        1371
          11          11           1          10         190        1288
          11          11           1          11         155        1104
