          11          11           3           1         172        2507
          11          11           3           2         175        2208
          11          11           3           3         179        2235
          11          11           3           4         114        2113
          11          11           3           5         200        2367
          11          11           3           6         174        2313
          11          11           3           7         123        1444
          11          11           3           8         291        1690
          11          11           3           9         133        2335
          11          11           3          10         225        2190
          11          11           3          11         187        2374
          11          11           3          12         119        2514
          11          11           5           0         174        1429
          11          11           5           1         182        1424
          11          11           5           2         142        1172
          11          11           5           3         206        1087
          11          11           5           4         314        1091
          11          11           5           5         290         871
          11          11           5           6         344         885
          11          11           5           7         306         862
          11          11           5           8         255         798
          11          11           5           9         272         913
          11          11           5          10         245         918
          11          11           5          11         264         981
          11          11           4           0         285        1083
          11          11           4           1         307        1280
          11          11           4           2         164        1253
          11          11           4           3         209        1304
          11          11           4           4         102        1425
          11          11           4           5         376         558
          11          11           4           6         163        1671
          11          11           4           7         109        1603
          11          11           4           8         200        1820
          11          11           4           9         103        1643
          11          11           4          10          57        1748
          11          11           4          11          96        1688
          11          11           0           1         142        1759
          11          11           0           2         233        1557
          11          11           0           3         106        1568
          11          11           0           4         176        1705
          11          11           0           5         174        1675
          11          11           0           6         198        1621
          11          11           0           7         159        1291
          11          11           0           8         282        1126
          11          11           0           9         172        1231
          11          11           0          10         225        1316
          11          11           0          11         187        1229
          11          11           0          12         226        1309
          11          11           2           0         246        1282
          11          11           2           1         129        1221
          11          11           2           2         160        1293
          11          11           2           3         126        1343
          11          11           2           4         127        1309
          11          11           2           5         188        1393
          11          11           2           6         183        1322
          11          11           2           7         161        1224
          11          11           2           8         206        1293
          11          11           2           9         198        1176
          11          11           2          10         160        1297
          11          11           2          11         149        1199
          11          11           1           0         107        1052
          11          11           1           1         180        1314
          11          11           1           2         203        1194
          11          11           1           3         242        1306
          11          11           1           4         148        1323
          11          11           1           5         181        1398
          11          11           1           6         142        1443
          11          11           1           7         183        1393
          11          11           1           8         109        1293
          11          11           1           9         174        1279
          11          11           1          10         159        1441
          11          11           1          11         119        1244
