          11          11           3           1         209         944
          11          11           3           2         202         908
          11          11           3           3         205         952
          11          11           3           4         139         822
          11          11           3           5         225         992
          11          11           3           6         202         966
          11          11           3           7         142         723
          11          11           3           8         298         854
          11          11           3           9         166         982
          11          11           3          10         255         971
          11          11           3          11         218        1053
          11          11           3          12         151        1089
          11          11           5           0         344         830
          11          11           5           1         318         795
          11          11           5           2         344         753
          11          11           5           3         389         772
          11          11           5           4         445         821
          11          11           5           5         434         773
          11          11           5           6         483         810
          11          11           5           7         487         806
          11          11           5           8         454         785
          11          11           5           9         504         867
          11          11           5          10         468         840
          11          11           5          11         508         892
          11          11           4           0         273         785
          11          11           4           1         215         869
          11          11           4           2         196         711
          11          11           4           3         240         720
          11          11           4           4         139         682
          11          11           4           5         427         525
          11          11           4           6         203         708
          11          11           4           7         146         681
          11          11           4           8         235         859
          11          11           4           9         139         691
          11          11           4          10          93         749
          11          11           4          11         133         781
          11          11           0           1         177        1348
          11          11           0           2         261        1264
          11          11           0           3         136        1300
          11          11           0           4         205        1426
          11          11           0           5         202        1395
          11          11           0           6         226        1365
          11          11           0           7         188         959
          11          11           0           8         308         792
          11          11           0           9         183        1115
          11          11           0          10         227        1177
          11          11           0          11         195        1118
          11          11           0          12         242        1212
          11          11           2           0         381         934
          11          11           2           1         255         864
          11          11           2           2         314         951
          11          11           2           3         325         994
          11          11           2           4         332         992
          11          11           2           5         414        1064
          11          11           2           6         332        1048
          11          11           2           7         317        1022
          11          11           2           8         313        1097
          11          11           2           9         247        1034
          11          11           2          10         246        1178
          11          11           2          11         212        1197
          11          11           1           0         256        1025
          11          11           1           1         234        1216
          11          11           1           2         319        1122
          11          11           1           3         346        1189
          11          11           1           4         294        1150
          11          11           1           5         309        1115
          11          11           1           6         250        1041
          11          11           1           7         287         964
          11          11           1           8         224         823
          11          11           1           9         248         850
          11          11           1          10         297        1003
          11          11           1          11         215         880
