          11          11           3           1         173        2486
          11          11           3           2         174        2243
          11          11           3           3         178        2259
          11          11           3           4         112        2109
          11          11           3           5         198        2365
          11          11           3           6         172        2335
          11          11           3           7         118        1422
          11          11           3           8         282        1631
          11          11           3           9         130        2519
          11          11           3          10         223        2266
          11          11           3          11         184        2502
          11          11           3          12         116        2698
          11          11           5           0         166        1359
          11          11           5           1         180        1343
          11          11           5           2         125        1087
          11          11           5           3         117        1039
          11          11           5           4         177        1029
          11          11           5           5         190         859
          11          11           5           6         265         940
          11          11           5           7         222         903
          11          11           5           8         222         841
          11          11           5           9         211         973
          11          11           5          10         179         954
          11          11           5          11         215        1026
          11          11           4           0         249        1124
          11          11           4           1         244        1305
          11          11           4           2         164        1249
          11          11           4           3         210        1271
          11          11           4           4         104        1382
          11          11           4           5         435         526
          11          11           4           6         161        1610
          11          11           4           7         109        1536
          11          11           4           8         201        1739
          11          11           4           9         105        1570
          11          11           4          10          57        1647
          11          11           4          11          94        1604
          11          11           0           1         141        1618
          11          11           0           2         232        1514
          11          11           0           3         104        1597
          11          11           0           4         174        1835
          11          11           0           5         170        1866
          11          11           0           6         197        1799
          11          11           0           7         154        1227
          11          11           0           8         270        1108
          11          11           0           9         145        1289
          11          11           0          10         201        1328
          11          11           0          11         176        1247
          11          11           0          12         219        1282
          11          11           2           0         247        1212
          11          11           2           1         129        1148
          11          11           2           2         167        1211
          11          11           2           3         132        1243
          11          11           2           4         128        1218
          11          11           2           5         189        1299
          11          11           2           6         183        1246
          11          11           2           7         163        1133
          11          11           2           8         208        1233
          11          11           2           9         199        1149
          11          11           2          10         162        1301
          11          11           2          11         151        1219
          11          11           1           0         109         944
          11          11           1           1         181        1206
          11          11           1           2         201        1079
          11          11           1           3         241        1186
          11          11           1           4         151        1212
          11          11           1           5         183        1307
          11          11           1           6         142        1325
          11          11           1           7         183        1289
          11          11           1           8         110        1201
          11          11           1           9         174        1205
          11          11           1          10         161        1363
          11          11           1          11         122        1160
