          11          11           3           1         269         803
          11          11           3           2         300         759
          11          11           3           3         281         762
          11          11           3           4         232         727
          11          11           3           5         351         887
          11          11           3           6         332         862
          11          11           3           7         220         699
          11          11           3           8         337         926
          11          11           3           9         169         979
          11          11           3          10         262         968
          11          11           3          11         233        1059
          11          11           3          12         162        1032
          11          11           5           0         421         847
          11          11           5           1         433         832
          11          11           5           2         383         714
          11          11           5           3         452         765
          11          11           5           4         507         844
          11          11           5           5         429         785
          11          11           5           6         503         863
          11          11           5           7         464         835
          11          11           5           8         429         773
          11          11           5           9         479         831
          11          11           5          10         467         802
          11          11           5          11         480         836
          11          11           4           0         505         798
          11          11           4           1         578         914
          11          11           4           2         416         751
          11          11           4           3         439         736
          11          11           4           4         390         705
          11          11           4           5         431         543
          11          11           4           6         400         698
          11          11           4           7         353         671
          11          11           4           8         502         825
          11          11           4           9         358         684
          11          11           4          10         365         693
          11          11           4          11         357         721
          11          11           0           1         201         994
          11          11           0           2         273         987
          11          11           0           3         184         957
          11          11           0           4         228        1095
          11          11           0           5         201        1101
          11          11           0           6         235        1124
          11          11           0           7         200        1050
          11          11           0           8         381         780
          11          11           0           9         218         884
          11          11           0          10         267         911
          11          11           0          11         231         850
          11          11           0          12         272         907
          11          11           2           0         499         889
          11          11           2           1         387         793
          11          11           2           2         428         877
          11          11           2           3         393         896
          11          11           2           4         405         862
          11          11           2           5         474         916
          11          11           2           6         440         868
          11          11           2           7         373         835
          11          11           2           8         358         853
          11          11           2           9         308         794
          11          11           2          10         376         971
          11          11           2          11         246        1028
          11          11           1           0         276         894
          11          11           1           1         272         980
          11          11           1           2         385         948
          11          11           1           3         404         985
          11          11           1           4         362         917
          11          11           1           5         367         919
          11          11           1           6         340         896
          11          11           1           7         402         893
          11          11           1           8         349         824
          11          11           1           9         366         820
          11          11           1          10         440        1019
          11          11           1          11         305         928
