          11          11           3           1         166        3119
          11          11           3           2         176        2961
          11          11           3           3         180        2895
          11          11           3           4         114        2842
          11          11           3           5         200        3077
          11          11           3           6         176        3009
          11          11           3           7         122        2335
          11          11           3           8         205        2131
          11          11           3           9         126        2274
          11          11           3          10         225        2183
          11          11           3          11         187        2372
          11          11           3          12         120        2293
          11          11           5           0         168        1533
          11          11           5           1         180        1609
          11          11           5           2         124        1402
          11          11           5           3         111        1495
          11          11           5           4         155        1627
          11          11           5           5         115        1526
          11          11           5           6         146        1742
          11          11           5           7         148        1823
          11          11           5           8         199        1753
          11          11           5           9         199        1965
          11          11           5          10         162        1881
          11          11           5          11         190        1975
          11          11           4           0         238        1868
          11          11           4           1         180        2175
          11          11           4           2         163        2168
          11          11           4           3         209        2127
          11          11           4           4         102        2269
          11          11           4           5         371         556
          11          11           4           6         161        2377
          11          11           4           7         110        2377
          11          11           4           8         202        2685
          11          11           4           9         105        2471
          11          11           4          10          58        2582
          11          11           4          11          97        2612
          11          11           0           1         130        2987
          11          11           0           2         234        3024
          11          11           0           3         106        2971
          11          11           0           4         175        3093
          11          11           0           5         173        3003
          11          11           0           6         199        3023
          11          11           0           7         158        2353
          11          11           0           8         200        2213
          11          11           0           9         133        2611
          11          11           0          10         199        2757
          11          11           0          11         167        2577
          11          11           0          12         217        2665
          11          11           2           0         248        2380
          11          11           2           1         131        2440
          11          11           2           2         168        2626
          11          11           2           3         124        2765
          11          11           2           4         129        2776
          11          11           2           5         189        2926
          11          11           2           6         184        2904
          11          11           2           7         162        2776
          11          11           2           8         208        2988
          11          11           2           9         199        2828
          11          11           2          10         158        3022
          11          11           2          11         148        2860
          11          11           1           0         103        2340
          11          11           1           1         182        2683
          11          11           1           2         201        2479
          11          11           1           3         242        2636
          11          11           1           4         149        2596
          11          11           1           5         183        2533
          11          11           1           6         143        2567
          11          11           1           7         185        2417
          11          11           1           8         111        2269
          11          11           1           9         175        2271
          11          11           1          10         160        2581
          11          11           1          11         121        2447
