          11          11           3           1        -617        2589
          11          11           3           2        -125        2363
          11          11           3           3        -117        2415
          11          11           3           4        -164        2235
          11          11           3           5         -67        2509
          11          11           3           6        -182        2459
          11          11           3           7         -51        1674
          11          11           3           8        -567        1588
          11          11           3           9        -633        2197
          11          11           3          10        -108        2042
          11          11           3          11        -158        2210
          11          11           3          12        -151        2333
          11          11           5           0        -159        1356
          11          11           5           1        -172        1349
          11          11           5           2        -114        1078
          11          11           5           3        -121        1007
          11          11           5           4        -106        1028
          11          11           5           5         -87         884
          11          11           5           6         -95         979
          11          11           5           7        -122        1005
          11          11           5           8         -72         964
          11          11           5           9         -89        1060
          11          11           5          10        -112        1013
          11          11           5          11         -65        1084
          11          11           4           0        -115        1131
          11          11           4           1        -148        1333
          11          11           4           2        -121        1286
          11          11           4           3         -93        1351
          11          11           4           4        -110        1486
          11          11           4           5          -2         525
          11          11           4           6        -190        1701
          11          11           4           7         -70        1644
          11          11           4           8         -70        1856
          11          11           4           9        -109        1680
          11          11           4          10        -131        1788
          11          11           4          11         -76        1762
          11          11           0           1        -976        1574
          11          11           0           2         -68        1476
          11          11           0           3        -119        1452
          11          11           0           4        -145        1567
          11          11           0           5         -98        1518
          11          11           0           6         -90        1429
          11          11           0           7        -167         921
          11          11           0           8        -403        1000
          11          11           0           9        -559        1161
          11          11           0          10         -79        1288
          11          11           0          11         -73        1199
          11          11           0          12         -79        1274
          11          11           2           0        -136        1250
          11          11           2           1        -138        1199
          11          11           2           2        -159        1269
          11          11           2           3        -142        1305
          11          11           2           4        -177        1296
          11          11           2           5        -205        1384
          11          11           2           6        -111        1357
          11          11           2           7        -142        1257
          11          11           2           8        -141        1353
          11          11           2           9        -119        1207
          11          11           2          10        -310        1317
          11          11           2          11        -245        1125
          11          11           1           0        -238        1078
          11          11           1           1         -53        1344
          11          11           1           2        -140        1192
          11          11           1           3        -184        1300
          11          11           1           4        -280        1322
          11          11           1           5        -207        1374
          11          11           1           6        -262        1396
          11          11           1           7        -194        1353
          11          11           1           8        -186        1255
          11          11           1           9        -150        1283
          11          11           1          10        -185        1463
          11          11           1          11        -132        1234
