          11          11           3           1         270         800
          11          11           3           2         301         772
          11          11           3           3         290         766
          11          11           3           4         219         790
          11          11           3           5         323         933
          11          11           3           6         313         925
          11          11           3           7         195         818
          11          11           3           8         319         941
          11          11           3           9         161        1026
          11          11           3          10         268        1006
          11          11           3          11         240        1088
          11          11           3          12         159        1087
          11          11           5           0         391         729
          11          11           5           1         417         758
          11          11           5           2         346         638
          11          11           5           3         386         687
          11          11           5           4         450         769
          11          11           5           5         377         693
          11          11           5           6         464         768
          11          11           5           7         425         750
          11          11           5           8         396         678
          11          11           5           9         423         719
          11          11           5          10         390         721
          11          11           5          11         399         750
          11          11           4           0         436         826
          11          11           4           1         523         918
          11          11           4           2         352         751
          11          11           4           3         401         728
          11          11           4           4         343         695
          11          11           4           5         441         515
          11          11           4           6         365         703
          11          11           4           7         296         682
          11          11           4           8         474         845
          11          11           4           9         322         712
          11          11           4          10         327         729
          11          11           4          11         331         758
          11          11           0           1         186        1045
          11          11           0           2         253        1037
          11          11           0           3         149        1061
          11          11           0           4         204        1221
          11          11           0           5         192        1185
          11          11           0           6         221        1164
          11          11           0           7         181        1039
          11          11           0           8         309         959
          11          11           0           9         211        1080
          11          11           0          10         258        1151
          11          11           0          11         216        1061
          11          11           0          12         260        1108
          11          11           2           0         352         825
          11          11           2           1         233         729
          11          11           2           2         272         784
          11          11           2           3         252         809
          11          11           2           4         257         756
          11          11           2           5         346         797
          11          11           2           6         314         774
          11          11           2           7         365         747
          11          11           2           8         402         807
          11          11           2           9         331         744
          11          11           2          10         405         845
          11          11           2          11         262         806
          11          11           1           0         191         780
          11          11           1           1         206         905
          11          11           1           2         273         830
          11          11           1           3         307         889
          11          11           1           4         259         872
          11          11           1           5         278         913
          11          11           1           6         234         871
          11          11           1           7         278         876
          11          11           1           8         210         791
          11          11           1           9         242         803
          11          11           1          10         272         922
          11          11           1          11         210         762
