          11          11           3           1         321         743
          11          11           3           2         350         719
          11          11           3           3         336         730
          11          11           3           4         287         677
          11          11           3           5         406         850
          11          11           3           6         395         819
          11          11           3           7         286         680
          11          11           3           8         355         808
          11          11           3           9         200         816
          11          11           3          10         305         823
          11          11           3          11         283         871
          11          11           3          12         228         865
          11          11           5           0         440         771
          11          11           5           1         448         718
          11          11           5           2         429         664
          11          11           5           3         441         682
          11          11           5           4         484         727
          11          11           5           5         446         697
          11          11           5           6         477         759
          11          11           5           7         474         758
          11          11           5           8         444         723
          11          11           5           9         443         794
          11          11           5          10         403         771
          11          11           5          11         407         844
          11          11           4           0         473         735
          11          11           4           1         564         802
          11          11           4           2         410         639
          11          11           4           3         421         631
          11          11           4           4         387         615
          11          11           4           5         404         510
          11          11           4           6         399         647
          11          11           4           7         356         605
          11          11           4           8         513         761
          11          11           4           9         376         627
          11          11           4          10         374         643
          11          11           4          11         400         652
          11          11           0           1           0           0
          11          11           0           2           0           0
          11          11           0           3           0           0
          11          11           0           4           0           0
          11          11           0           5           0           0
          11          11           0           6           0           0
          11          11           0           7           0           0
          11          11           0           8         413         730
          11          11           0           9         273         730
          11          11           0          10         316         782
          11          11           0          11         281         739
          11          11           0          12         345         828
          11          11           2           0         431         809
          11          11           2           1         334         667
          11          11           2           2         376         687
          11          11           2           3         356         752
          11          11           2           4         345         772
          11          11           2           5         410         816
          11          11           2           6         350         771
          11          11           2           7         348         758
          11          11           2           8         393         791
          11          11           2           9         300         723
          11          11           2          10         345         858
          11          11           2          11         303         804
          11          11           1           0         210         797
          11          11           1           1         260         880
          11          11           1           2         341         827
          11          11           1           3         393         828
          11          11           1           4         373         746
          11          11           1           5         403         759
          11          11           1           6         384         735
          11          11           1           7         418         753
          11          11           1           8         336         678
          11          11           1           9         342         688
          11          11           1          10         420         807
          11          11           1          11         319         691
