          11          11           3           1         171        2847
          11          11           3           2         174        2597
          11          11           3           3         178        2616
          11          11           3           4         111        2470
          11          11           3           5         198        2746
          11          11           3           6         173        2697
          11          11           3           7         117        1541
          11          11           3           8         282        1389
          11          11           3           9         130        2273
          11          11           3          10         223        2074
          11          11           3          11         184        2276
          11          11           3          12         116        2472
          11          11           5           0         169        1265
          11          11           5           1         182        1294
          11          11           5           2         125        1063
          11          11           5           3         112        1002
          11          11           5           4         159        1014
          11          11           5           5         142         862
          11          11           5           6         220         928
          11          11           5           7         181         921
          11          11           5           8         203         887
          11          11           5           9         206         983
          11          11           5          10         180         976
          11          11           5          11         207        1012
          11          11           4           0         246        1158
          11          11           4           1         234        1308
          11          11           4           2         164        1225
          11          11           4           3         210        1259
          11          11           4           4         104        1357
          11          11           4           5         425         527
          11          11           4           6         162        1631
          11          11           4           7         108        1576
          11          11           4           8         201        1873
          11          11           4           9         104        1704
          11          11           4          10          57        1880
          11          11           4          11          95        1837
          11          11           0           1         141        1873
          11          11           0           2         232        1657
          11          11           0           3         104        1748
          11          11           0           4         173        1959
          11          11           0           5         171        1955
          11          11           0           6         197        1873
          11          11           0           7         153        1359
          11          11           0           8         271        1281
          11          11           0           9         144        1375
          11          11           0          10         200        1447
          11          11           0          11         168        1321
          11          11           0          12         216        1349
          11          11           2           0         248        1229
          11          11           2           1         129        1127
          11          11           2           2         166        1223
          11          11           2           3         132        1266
          11          11           2           4         128        1274
          11          11           2           5         190        1365
          11          11           2           6         183        1315
          11          11           2           7         162        1237
          11          11           2           8         207        1332
          11          11           2           9         198        1220
          11          11           2          10         159        1360
          11          11           2          11         148        1323
          11          11           1           0         101        1030
          11          11           1           1         181        1247
          11          11           1           2         200        1108
          11          11           1           3         240        1215
          11          11           1           4         149        1232
          11          11           1           5         182        1283
          11          11           1           6         142        1295
          11          11           1           7         183        1270
          11          11           1           8         111        1195
          11          11           1           9         175        1198
          11          11           1          10         160        1336
          11          11           1          11         122        1147
