          11          11           3           1         165        2759
          11          11           3           2         165        2491
          11          11           3           3         170        2531
          11          11           3           4         102        2376
          11          11           3           5         189        2642
          11          11           3           6         163        2612
          11          11           3           7         112        1546
          11          11           3           8         276        1621
          11          11           3           9         125        2369
          11          11           3          10         218        2202
          11          11           3          11         180        2397
          11          11           3          12         112        2578
          11          11           5           0         161        1404
          11          11           5           1         173        1397
          11          11           5           2         119        1131
          11          11           5           3         114        1049
          11          11           5           4         204        1057
          11          11           5           5         197         857
          11          11           5           6         249         933
          11          11           5           7         187         927
          11          11           5           8         193         861
          11          11           5           9         196         974
          11          11           5          10         172         989
          11          11           5          11         193        1049
          11          11           4           0         259        1127
          11          11           4           1         238        1345
          11          11           4           2         153        1307
          11          11           4           3         199        1361
          11          11           4           4          92        1487
          11          11           4           5         418         528
          11          11           4           6         152        1720
          11          11           4           7          98        1656
          11          11           4           8         192        1835
          11          11           4           9          94        1659
          11          11           4          10          47        1769
          11          11           4          11          86        1745
          11          11           0           1         136        1745
          11          11           0           2         227        1643
          11          11           0           3          97        1641
          11          11           0           4         166        1786
          11          11           0           5         164        1771
          11          11           0           6         190        1665
          11          11           0           7         148        1330
          11          11           0           8         266        1077
          11          11           0           9         152        1162
          11          11           0          10         205        1213
          11          11           0          11         171        1122
          11          11           0          12         213        1202
          11          11           2           0         239        1282
          11          11           2           1         118        1227
          11          11           2           2         157        1291
          11          11           2           3         123        1332
          11          11           2           4         119        1301
          11          11           2           5         182        1364
          11          11           2           6         175        1284
          11          11           2           7         153        1235
          11          11           2           8         198        1279
          11          11           2           9         190        1155
          11          11           2          10         161        1321
          11          11           2          11         143        1245
          11          11           1           0          97        1129
          11          11           1           1         171        1499
          11          11           1           2         193        1294
          11          11           1           3         233        1396
          11          11           1           4         139        1406
          11          11           1           5         172        1468
          11          11           1           6         133        1478
          11          11           1           7         174        1427
          11          11           1           8         101        1315
          11          11           1           9         164        1308
          11          11           1          10         151        1446
          11          11           1          11         112        1239
