          11          11           3           1         -59         635
          11          11           3           2         -12         619
          11          11           3           3         -23         613
          11          11           3           4         -31         566
          11          11           3           5         -53         705
          11          11           3           6         -22         683
          11          11           3           7         -94         652
          11          11           3           8        -335         704
          11          11           3           9        -285         680
          11          11           3          10         -21         730
          11          11           3          11         -69         792
          11          11           3          12         -56         779
          11          11           5           0         -25         709
          11          11           5           1         -11         671
          11          11           5           2          -3         643
          11          11           5           3         -12         663
          11          11           5           4         -22         695
          11          11           5           5         -34         666
          11          11           5           6         -34         702
          11          11           5           7         -33         706
          11          11           5           8         -37         676
          11          11           5           9         -56         742
          11          11           5          10         -82         695
          11          11           5          11         -74         762
          11          11           4           0         -34         686
          11          11           4           1         -19         794
          11          11           4           2         -23         618
          11          11           4           3          -4         624
          11          11           4           4         -16         670
          11          11           4           5          -2         501
          11          11           4           6         -61         597
          11          11           4           7          -4         554
          11          11           4           8         -15         704
          11          11           4           9         -15         563
          11          11           4          10          -3         573
          11          11           4          11         -30         594
          11          11           0           1           0           0
          11          11           0           2           0           0
          11          11           0           3           0           0
          11          11           0           4           0           0
          11          11           0           5           0           0
          11          11           0           6           0           0
          11          11           0           7           0           0
          11          11           0           8        -238         741
          11          11           0           9        -231         679
          11          11           0          10         -73         714
          11          11           0          11         -21         681
          11          11           0          12         -19         719
          11          11           2           0         -59         713
          11          11           2           1         -64         618
          11          11           2           2         -37         642
          11          11           2           3         -63         651
          11          11           2           4         -60         629
          11          11           2           5         -85         710
          11          11           2           6         -43         701
          11          11           2           7         -30         709
          11          11           2           8         -82         776
          11          11           2           9         -56         684
          11          11           2          10        -112         805
          11          11           2          11         -97         724
          11          11           1           0        -104         646
          11          11           1           1         -19         721
          11          11           1           2         -91         729
          11          11           1           3         -41         804
          11          11           1           4         -36         767
          11          11           1           5         -17         785
          11          11           1           6         -34         726
          11          11           1           7         -51         688
          11          11           1           8         -48         589
          11          11           1           9         -61         625
          11          11           1          10         -83         722
          11          11           1          11         -75         608
