           2          11           3           1           0           0
           2          11           3           2           0           0
           2          11           3           3           0           0
           2          11           3           4           0           0
           2          11           3           5           0           0
           2          11           3           6           0           0
           2          11           3           7           0           0
           2          11           3           8           0           0
           2          11           3           9           0           0
           2          11           3          10           0           0
           2          11           3          11           0           0
           2          11           3          12           0           0
           2          11           9           0           0           0
           2          11           9           1           0           0
           2          11           9           2           0           0
           2          11           9           3           0           0
           2          11           9           4           0           0
           2          11           9           5           0           0
           2          11           9           6           0           0
           2          11           9           7           0           0
           2          11           9           8           0           0
           2          11           9           9           0           0
           2          11           9          10           0           0
           2          11           9          11           0           0
           2          11           8           0           0           0
           2          11           8           1           0           0
           2          11           8           2           0           0
           2          11           8           3           0           0
           2          11           8           4           0           0
           2          11           8           5           0           0
           2          11           8           6           0           0
           2          11           8           7           0           0
           2          11           8           8           0           0
           2          11           8           9           0           0
           2          11           8          10           0           0
           2          11           8          11           0           0
           2          11           0           1           0           0
           2          11           0           2           0           0
           2          11           0           3           0           0
           2          11           0           4           0           0
           2          11           0           5           0           0
           2          11           0           6           0           0
           2          11           0           7           0           0
           2          11           0           8           0           0
           2          11           0           9           0           0
           2          11           0          10           0           0
           2          11           0          11           0           0
           2          11           0          12           0           0
           2          11           2           0           0           0
           2          11           2           1           0           0
           2          11           2           2           0           0
           2          11           2           3           0           0
           2          11           2           4           0           0
           2          11           2           5           0           0
           2          11           2           6           0           0
           2          11           2           7           0           0
           2          11           2           8           0           0
           2          11           2           9           0           0
           2          11           2          10           0           0
           2          11           2          11           0           0
           2          11           1           0           0           0
           2          11           1           1           0           0
           2          11           1           2           0           0
           2          11           1           3           0           0
           2          11           1           4           0           0
           2          11           1           5           0           0
           2          11           1           6           0           0
           2          11           1           7           0           0
           2          11           1           8           0           0
           2          11           1           9           0           0
           2          11           1          10           0           0
           2          11           1          11           0           0
