          11          11           3           1         288         843
          11          11           3           2         304         806
          11          11           3           3         304         794
          11          11           3           4         234         751
          11          11           3           5         343         890
          11          11           3           6         328         898
          11          11           3           7         235         915
          11          11           3           8         371         880
          11          11           3           9         168         982
          11          11           3          10         268        1047
          11          11           3          11         256        1068
          11          11           3          12         157        1062
          11          11           5           0         398         777
          11          11           5           1         414         800
          11          11           5           2         343         660
          11          11           5           3         387         700
          11          11           5           4         440         779
          11          11           5           5         392         691
          11          11           5           6         473         762
          11          11           5           7         437         722
          11          11           5           8         401         674
          11          11           5           9         421         716
          11          11           5          10         394         701
          11          11           5          11         409         737
          11          11           4           0         441         856
          11          11           4           1         540         938
          11          11           4           2         396         768
          11          11           4           3         425         731
          11          11           4           4         361         704
          11          11           4           5         431         527
          11          11           4           6         385         729
          11          11           4           7         306         718
          11          11           4           8         459         880
          11          11           4           9         342         717
          11          11           4          10         336         731
          11          11           4          11         359         761
          11          11           0           1         191         982
          11          11           0           2         262        1029
          11          11           0           3         160        1045
          11          11           0           4         219        1184
          11          11           0           5         193        1144
          11          11           0           6         241        1149
          11          11           0           7         189         977
          11          11           0           8         238        1423
          11          11           0           9         154        1478
          11          11           0          10         217        1601
          11          11           0          11         185        1438
          11          11           0          12         231        1524
          11          11           2           0         370         838
          11          11           2           1         233         750
          11          11           2           2         270         818
          11          11           2           3         270         850
          11          11           2           4         304         839
          11          11           2           5         395         866
          11          11           2           6         347         839
          11          11           2           7         353         790
          11          11           2           8         376         827
          11          11           2           9         308         747
          11          11           2          10         383         840
          11          11           2          11         269         837
          11          11           1           0         175         800
          11          11           1           1         213         938
          11          11           1           2         267         858
          11          11           1           3         300         929
          11          11           1           4         252         944
          11          11           1           5         263         980
          11          11           1           6         219         972
          11          11           1           7         265         940
          11          11           1           8         199         820
          11          11           1           9         248         798
          11          11           1          10         313         932
          11          11           1          11         242         785
