          11          11           3           1         290         833
          11          11           3           2         310         812
          11          11           3           3         294         816
          11          11           3           4         230         799
          11          11           3           5         337         938
          11          11           3           6         318         904
          11          11           3           7         238         839
          11          11           3           8         329         886
          11          11           3           9         168         948
          11          11           3          10         261         941
          11          11           3          11         243        1032
          11          11           3          12         157        1005
          11          11           5           0         330         787
          11          11           5           1         359         846
          11          11           5           2         296         716
          11          11           5           3         353         749
          11          11           5           4         419         798
          11          11           5           5         377         705
          11          11           5           6         463         777
          11          11           5           7         436         727
          11          11           5           8         393         678
          11          11           5           9         403         733
          11          11           5          10         373         735
          11          11           5          11         402         765
          11          11           4           0         406         894
          11          11           4           1         527         971
          11          11           4           2         369         795
          11          11           4           3         406         736
          11          11           4           4         356         704
          11          11           4           5         417         518
          11          11           4           6         383         702
          11          11           4           7         326         678
          11          11           4           8         488         839
          11          11           4           9         353         710
          11          11           4          10         344         724
          11          11           4          11         362         750
          11          11           0           1         217         939
          11          11           0           2         288         898
          11          11           0           3         218         896
          11          11           0           4         265         996
          11          11           0           5         213        1002
          11          11           0           6         271        1039
          11          11           0           7         220         934
          11          11           0           8         241        1389
          11          11           0           9         150        1397
          11          11           0          10         213        1530
          11          11           0          11         182        1409
          11          11           0          12         229        1493
          11          11           2           0         381         826
          11          11           2           1         266         735
          11          11           2           2         323         791
          11          11           2           3         333         817
          11          11           2           4         345         799
          11          11           2           5         413         852
          11          11           2           6         358         815
          11          11           2           7         377         789
          11          11           2           8         407         858
          11          11           2           9         331         773
          11          11           2          10         421         880
          11          11           2          11         272         805
          11          11           1           0         182         790
          11          11           1           1         213         891
          11          11           1           2         268         874
          11          11           1           3         307         943
          11          11           1           4         259         927
          11          11           1           5         282         953
          11          11           1           6         235         945
          11          11           1           7         282         929
          11          11           1           8         219         828
          11          11           1           9         271         810
          11          11           1          10         338         927
          11          11           1          11         248         765
