          11          11           3           1         318         734
          11          11           3           2         337         705
          11          11           3           3         326         727
          11          11           3           4         287         683
          11          11           3           5         398         834
          11          11           3           6         384         809
          11          11           3           7         277         657
          11          11           3           8         358         815
          11          11           3           9         167         904
          11          11           3          10         280         906
          11          11           3          11         274         980
          11          11           3          12         194         961
          11          11           5           0         474         862
          11          11           5           1         451         792
          11          11           5           2         446         722
          11          11           5           3         473         718
          11          11           5           4         515         772
          11          11           5           5         502         730
          11          11           5           6         531         768
          11          11           5           7         521         766
          11          11           5           8         472         724
          11          11           5           9         501         810
          11          11           5          10         441         799
          11          11           5          11         440         868
          11          11           4           0         453         783
          11          11           4           1         544         867
          11          11           4           2         401         701
          11          11           4           3         427         694
          11          11           4           4         379         647
          11          11           4           5         417         525
          11          11           4           6         410         666
          11          11           4           7         362         635
          11          11           4           8         521         793
          11          11           4           9         388         644
          11          11           4          10         371         653
          11          11           4          11         395         682
          11          11           0           1         204         974
          11          11           0           2         266         960
          11          11           0           3         174         915
          11          11           0           4         233        1066
          11          11           0           5         202        1151
          11          11           0           6         240        1175
          11          11           0           7         202        1151
          11          11           0           8         405         777
          11          11           0           9         252         837
          11          11           0          10         284         902
          11          11           0          11         243         810
          11          11           0          12         292         881
          11          11           2           0         424         891
          11          11           2           1         323         743
          11          11           2           2         362         786
          11          11           2           3         368         861
          11          11           2           4         371         875
          11          11           2           5         435         910
          11          11           2           6         393         866
          11          11           2           7         419         822
          11          11           2           8         427         870
          11          11           2           9         337         819
          11          11           2          10         417         965
          11          11           2          11         289         924
          11          11           1           0         180         855
          11          11           1           1         231         963
          11          11           1           2         309         897
          11          11           1           3         386         912
          11          11           1           4         381         827
          11          11           1           5         404         853
          11          11           1           6         372         821
          11          11           1           7         404         829
          11          11           1           8         326         734
          11          11           1           9         317         758
          11          11           1          10         349         934
          11          11           1          11         216         889
