          11          11           3           1         213        2724
          11          11           3           2         247        2765
          11          11           3           3         244        2799
          11          11           3           4         184        2765
          11          11           3           5         256        2958
          11          11           3           6         208        2814
          11          11           3           7         143        2772
          11          11           3           8         188        1009
          11          11           3           9         156         973
          11          11           3          10         255         972
          11          11           3          11         216        1053
          11          11           3          12         149        1021
          11          11           5           0         962        1340
          11          11           5           1         949        1343
          11          11           5           2         934        1296
          11          11           5           3         913        1310
          11          11           5           4         944        1386
          11          11           5           5         904        1346
          11          11           5           6         882        1419
          11          11           5           7         940        1723
          11          11           5           8         259        1737
          11          11           5           9         249        1953
          11          11           5          10         215        2034
          11          11           5          11         230        2148
          11          11           4           0         254        2368
          11          11           4           1         200        2679
          11          11           4           2         229        2561
          11          11           4           3         245        2487
          11          11           4           4         147        2611
          11          11           4           5         485         588
          11          11           4           6         221        2674
          11          11           4           7         158        2709
          11          11           4           8         232        2800
          11          11           4           9         163        2621
          11          11           4          10         114        2437
          11          11           4          11         157        2417
          11          11           0           1         192        1049
          11          11           0           2         261        1002
          11          11           0           3         135        1022
          11          11           0           4         204        1146
          11          11           0           5         202        1121
          11          11           0           6         225        1153
          11          11           0           7         179        1062
          11          11           0           8         288         852
          11          11           0           9         162         962
          11          11           0          10         225         994
          11          11           0          11         193         926
          11          11           0          12         240         984
          11          11           2           0         295        1455
          11          11           2           1         169        1484
          11          11           2           2         206        1622
          11          11           2           3         172        1623
          11          11           2           4         168        1432
          11          11           2           5         234        1251
          11          11           2           6         224        1002
          11          11           2           7         210         916
          11          11           2           8         257         863
          11          11           2           9         250         787
          11          11           2          10         230         922
          11          11           2          11         188         956
          11          11           1           0         133        1591
          11          11           1           1         214        1506
          11          11           1           2         231        1401
          11          11           1           3         269        1644
          11          11           1           4         183        1657
          11          11           1           5         214        1771
          11          11           1           6         174        1800
          11          11           1           7         217        1756
          11          11           1           8         155        1671
          11          11           1           9         264        1724
          11          11           1          10         339        1896
          11          11           1          11         223        1721
