          11          11           3           1         187        1327
          11          11           3           2         177        1190
          11          11           3           3         181        1241
          11          11           3           4         116        1156
          11          11           3           5         201        1318
          11          11           3           6         178        1266
          11          11           3           7         156         961
          11          11           3           8         288        1410
          11          11           3           9         131        1708
          11          11           3          10         224        1536
          11          11           3          11         185        1668
          11          11           3          12         116        1697
          11          11           5           0         214        1007
          11          11           5           1         227         984
          11          11           5           2         184         804
          11          11           5           3         230         799
          11          11           5           4         298         904
          11          11           5           5         247         813
          11          11           5           6         324         919
          11          11           5           7         288         913
          11          11           5           8         276         827
          11          11           5           9         291         881
          11          11           5          10         296         832
          11          11           5          11         299         877
          11          11           4           0         382         879
          11          11           4           1         423         975
          11          11           4           2         259         844
          11          11           4           3         289         863
          11          11           4           4         194         903
          11          11           4           5         433         524
          11          11           4           6         180        1047
          11          11           4           7         136        1006
          11          11           4           8         261        1182
          11          11           4           9         144        1006
          11          11           4          10         126        1043
          11          11           4          11         186        1017
          11          11           0           1         168        1202
          11          11           0           2         234        1162
          11          11           0           3         107        1172
          11          11           0           4         177        1343
          11          11           0           5         171        1356
          11          11           0           6         199        1298
          11          11           0           7         159        1142
          11          11           0           8         287        1218
          11          11           0           9         148        1449
          11          11           0          10         202        1561
          11          11           0          11         168        1444
          11          11           0          12         216        1523
          11          11           2           0         283        1053
          11          11           2           1         161         994
          11          11           2           2         207        1037
          11          11           2           3         207        1044
          11          11           2           4         221         986
          11          11           2           5         323        1025
          11          11           2           6         316         995
          11          11           2           7         327         975
          11          11           2           8         355        1043
          11          11           2           9         258         948
          11          11           2          10         260        1052
          11          11           2          11         204        1031
          11          11           1           0         109        1118
          11          11           1           1         181        1400
          11          11           1           2         203        1221
          11          11           1           3         241        1309
          11          11           1           4         153        1334
          11          11           1           5         184        1431
          11          11           1           6         143        1497
          11          11           1           7         186        1449
          11          11           1           8         114        1323
          11          11           1           9         178        1282
          11          11           1          10         194        1405
          11          11           1          11         144        1193
