          11          11           3           1         166        3118
          11          11           3           2         173        2967
          11          11           3           3         178        3008
          11          11           3           4         113        2960
          11          11           3           5         198        3147
          11          11           3           6         172        3068
          11          11           3           7         116        2403
          11          11           3           8         197        2212
          11          11           3           9         122        2254
          11          11           3          10         224        2164
          11          11           3          11         185        2325
          11          11           3          12         117        2244
          11          11           5           0         167        1524
          11          11           5           1         180        1617
          11          11           5           2         124        1464
          11          11           5           3         111        1619
          11          11           5           4         156        1760
          11          11           5           5         117        1625
          11          11           5           6         146        1841
          11          11           5           7         150        1936
          11          11           5           8         199        1979
          11          11           5           9         198        2250
          11          11           5          10         168        2138
          11          11           5          11         191        2181
          11          11           4           0         236        2028
          11          11           4           1         179        2368
          11          11           4           2         162        2319
          11          11           4           3         207        2292
          11          11           4           4         101        2424
          11          11           4           5         421         535
          11          11           4           6         160        2458
          11          11           4           7         108        2493
          11          11           4           8         201        2772
          11          11           4           9         105        2525
          11          11           4          10          56        2561
          11          11           4          11          94        2666
          11          11           0           1         127        3002
          11          11           0           2         231        3057
          11          11           0           3         104        3011
          11          11           0           4         172        3129
          11          11           0           5         169        3074
          11          11           0           6         196        3068
          11          11           0           7         151        2377
          11          11           0           8         196        2181
          11          11           0           9         131        2462
          11          11           0          10         197        2564
          11          11           0          11         165        2433
          11          11           0          12         213        2570
          11          11           2           0         245        2185
          11          11           2           1         126        2208
          11          11           2           2         164        2385
          11          11           2           3         129        2513
          11          11           2           4         125        2561
          11          11           2           5         185        2739
          11          11           2           6         182        2730
          11          11           2           7         160        2599
          11          11           2           8         205        2819
          11          11           2           9         197        2695
          11          11           2          10         155        2924
          11          11           2          11         145        2791
          11          11           1           0          97        2039
          11          11           1           1         179        2245
          11          11           1           2         197        2093
          11          11           1           3         237        2178
          11          11           1           4         145        2145
          11          11           1           5         179        2123
          11          11           1           6         138        2156
          11          11           1           7         181        2137
          11          11           1           8         109        2075
          11          11           1           9         172        2188
          11          11           1          10         158        2461
          11          11           1          11         119        2250
