          11          11           3           1         217         913
          11          11           3           2         205         852
          11          11           3           3         206         882
          11          11           3           4         142         843
          11          11           3           5         225        1016
          11          11           3           6         204         973
          11          11           3           7         158         895
          11          11           3           8         354        1098
          11          11           3           9         185        1168
          11          11           3          10         277        1156
          11          11           3          11         250        1262
          11          11           3          12         172        1266
          11          11           5           0         402         803
          11          11           5           1         409         852
          11          11           5           2         321         732
          11          11           5           3         339         751
          11          11           5           4         391         831
          11          11           5           5         321         750
          11          11           5           6         390         844
          11          11           5           7         349         791
          11          11           5           8         331         724
          11          11           5           9         377         777
          11          11           5          10         380         770
          11          11           5          11         403         800
          11          11           4           0         633         991
          11          11           4           1         691        1083
          11          11           4           2         514         919
          11          11           4           3         547         896
          11          11           4           4         502         863
          11          11           4           5           0           0
          11          11           4           6         513         897
          11          11           4           7         464         888
          11          11           4           8         619        1042
          11          11           4           9         488         907
          11          11           4          10         478         884
          11          11           4          11         479         940
          11          11           0           1         189        1630
          11          11           0           2         257        1279
          11          11           0           3         133        1254
          11          11           0           4         202        1301
          11          11           0           5         199        1229
          11          11           0           6         224        1293
          11          11           0           7         181        1063
          11          11           0           8         263        1323
          11          11           0           9         161        1487
          11          11           0          10         223        1696
          11          11           0          11         191        1558
          11          11           0          12         239        1656
          11          11           2           0         384         855
          11          11           2           1         270         773
          11          11           2           2         309         863
          11          11           2           3         295         952
          11          11           2           4         299         974
          11          11           2           5         361        1100
          11          11           2           6         289        1104
          11          11           2           7         293        1067
          11          11           2           8         293        1164
          11          11           2           9         231        1042
          11          11           2          10         255        1126
          11          11           2          11         194         986
          11          11           1           0         169         916
          11          11           1           1         206        1073
          11          11           1           2         256         982
          11          11           1           3         294        1022
          11          11           1           4         218         977
          11          11           1           5         247         969
          11          11           1           6         206         930
          11          11           1           7         268         940
          11          11           1           8         211         849
          11          11           1           9         264         853
          11          11           1          10         308         970
          11          11           1          11         256         797
