          11          11           3           1         172        2465
          11          11           3           2         173        2209
          11          11           3           3         178        2243
          11          11           3           4         113        2049
          11          11           3           5         197        2348
          11          11           3           6         173        2274
          11          11           3           7         118        1467
          11          11           3           8         286        1544
          11          11           3           9         132        2118
          11          11           3          10         223        1969
          11          11           3          11         183        2145
          11          11           3          12         115        2222
          11          11           5           0         167        1287
          11          11           5           1         181        1279
          11          11           5           2         126        1031
          11          11           5           3         123         989
          11          11           5           4         188        1008
          11          11           5           5         171         867
          11          11           5           6         266         950
          11          11           5           7         235         904
          11          11           5           8         208         838
          11          11           5           9         208         941
          11          11           5          10         186         933
          11          11           5          11         225         976
          11          11           4           0         275        1064
          11          11           4           1         272        1258
          11          11           4           2         165        1212
          11          11           4           3         211        1274
          11          11           4           4         103        1393
          11          11           4           5         429         528
          11          11           4           6         162        1623
          11          11           4           7         108        1550
          11          11           4           8         202        1806
          11          11           4           9         104        1626
          11          11           4          10          58        1753
          11          11           4          11          95        1703
          11          11           0           1         140        1801
          11          11           0           2         232        1540
          11          11           0           3         105        1594
          11          11           0           4         173        1774
          11          11           0           5         171        1760
          11          11           0           6         196        1662
          11          11           0           7         155        1266
          11          11           0           8         263        1116
          11          11           0           9         146        1148
          11          11           0          10         201        1256
          11          11           0          11         169        1158
          11          11           0          12         216        1234
          11          11           2           0         247        1198
          11          11           2           1         130        1129
          11          11           2           2         167        1212
          11          11           2           3         133        1244
          11          11           2           4         129        1252
          11          11           2           5         190        1348
          11          11           2           6         184        1348
          11          11           2           7         163        1310
          11          11           2           8         208        1454
          11          11           2           9         199        1340
          11          11           2          10         162        1483
          11          11           2          11         150        1423
          11          11           1           0         112         990
          11          11           1           1         182        1233
          11          11           1           2         204        1133
          11          11           1           3         242        1224
          11          11           1           4         151        1281
          11          11           1           5         183        1377
          11          11           1           6         142        1425
          11          11           1           7         185        1401
          11          11           1           8         112        1315
          11          11           1           9         175        1328
          11          11           1          10         161        1480
          11          11           1          11         122        1254
