          11          11           3           1         186        1336
          11          11           3           2         177        1195
          11          11           3           3         180        1236
          11          11           3           4         120        1194
          11          11           3           5         208        1414
          11          11           3           6         206        1438
          11          11           3           7         169        1067
          11          11           3           8         293        1137
          11          11           3           9         130        1289
          11          11           3          10         222        1234
          11          11           3          11         183        1322
          11          11           3          12         115        1338
          11          11           5           0         218         862
          11          11           5           1         247         827
          11          11           5           2         215         698
          11          11           5           3         292         730
          11          11           5           4         394         803
          11          11           5           5         370         718
          11          11           5           6         428         786
          11          11           5           7         342         782
          11          11           5           8         299         759
          11          11           5           9         299         845
          11          11           5          10         298         829
          11          11           5          11         305         889
          11          11           4           0         388         876
          11          11           4           1         476        1032
          11          11           4           2         305         857
          11          11           4           3         326         843
          11          11           4           4         243         886
          11          11           4           5         416         526
          11          11           4           6         222        1011
          11          11           4           7         180         958
          11          11           4           8         353        1119
          11          11           4           9         217         931
          11          11           4          10         224         942
          11          11           4          11         282         926
          11          11           0           1         166        1216
          11          11           0           2         236        1169
          11          11           0           3         126        1223
          11          11           0           4         183        1409
          11          11           0           5         173        1459
          11          11           0           6         202        1449
          11          11           0           7         158        1190
          11          11           0           8         302        1040
          11          11           0           9         169        1075
          11          11           0          10         213        1168
          11          11           0          11         179        1068
          11          11           0          12         225        1141
          11          11           2           0         310         966
          11          11           2           1         168         847
          11          11           2           2         212         876
          11          11           2           3         191         894
          11          11           2           4         209         861
          11          11           2           5         309         938
          11          11           2           6         274         903
          11          11           2           7         346         878
          11          11           2           8         374         908
          11          11           2           9         291         827
          11          11           2          10         347         957
          11          11           2          11         272         853
          11          11           1           0         128         944
          11          11           1           1         178        1174
          11          11           1           2         206        1091
          11          11           1           3         241        1183
          11          11           1           4         154        1200
          11          11           1           5         183        1231
          11          11           1           6         142        1220
          11          11           1           7         185        1138
          11          11           1           8         113        1054
          11          11           1           9         178        1043
          11          11           1          10         195        1171
          11          11           1          11         150         988
