          11          11           3           1         363         790
          11          11           3           2         372         740
          11          11           3           3         369         760
          11          11           3           4         317         689
          11          11           3           5         430         846
          11          11           3           6         406         832
          11          11           3           7         292         646
          11          11           3           8         372         807
          11          11           3           9         196         874
          11          11           3          10         316         882
          11          11           3          11         309         941
          11          11           3          12         209         909
          11          11           5           0         500         810
          11          11           5           1         451         797
          11          11           5           2         441         742
          11          11           5           3         460         735
          11          11           5           4         523         758
          11          11           5           5         501         726
          11          11           5           6         530         771
          11          11           5           7         507         789
          11          11           5           8         459         756
          11          11           5           9         490         832
          11          11           5          10         443         794
          11          11           5          11         464         859
          11          11           4           0         518         730
          11          11           4           1         586         821
          11          11           4           2         439         670
          11          11           4           3         451         664
          11          11           4           4         402         647
          11          11           4           5         426         521
          11          11           4           6         435         662
          11          11           4           7         388         629
          11          11           4           8         540         801
          11          11           4           9         383         650
          11          11           4          10         390         681
          11          11           4          11         403         699
          11          11           0           1         223         815
          11          11           0           2         295         821
          11          11           0           3         245         829
          11          11           0           4         271         922
          11          11           0           5         220         930
          11          11           0           6         267         966
          11          11           0           7         230         947
          11          11           0           8         388         719
          11          11           0           9         276         773
          11          11           0          10         308         814
          11          11           0          11         269         746
          11          11           0          12         322         816
          11          11           2           0         385         912
          11          11           2           1         284         762
          11          11           2           2         360         800
          11          11           2           3         406         825
          11          11           2           4         435         807
          11          11           2           5         500         847
          11          11           2           6         452         779
          11          11           2           7         461         755
          11          11           2           8         483         804
          11          11           2           9         412         760
          11          11           2          10         468         903
          11          11           2          11         360         875
          11          11           1           0         205         857
          11          11           1           1         256         979
          11          11           1           2         337         921
          11          11           1           3         409         957
          11          11           1           4         427         854
          11          11           1           5         448         800
          11          11           1           6         406         756
          11          11           1           7         411         764
          11          11           1           8         329         719
          11          11           1           9         321         774
          11          11           1          10         376         940
          11          11           1          11         260         866
