          11          11           3           1         316         731
          11          11           3           2         320         716
          11          11           3           3         292         744
          11          11           3           4         222         740
          11          11           3           5         316         888
          11          11           3           6         289         880
          11          11           3           7         223         715
          11          11           3           8         347         879
          11          11           3           9         179         943
          11          11           3          10         289         974
          11          11           3          11         272        1082
          11          11           3          12         182        1057
          11          11           5           0         376         757
          11          11           5           1         399         750
          11          11           5           2         339         670
          11          11           5           3         376         699
          11          11           5           4         429         791
          11          11           5           5         371         713
          11          11           5           6         448         779
          11          11           5           7         396         735
          11          11           5           8         359         673
          11          11           5           9         402         737
          11          11           5          10         385         738
          11          11           5          11         399         775
          11          11           4           0         455         859
          11          11           4           1         555         972
          11          11           4           2         388         836
          11          11           4           3         421         793
          11          11           4           4         357         751
          11          11           4           5           0           0
          11          11           4           6         402         731
          11          11           4           7         341         702
          11          11           4           8         503         860
          11          11           4           9         362         710
          11          11           4          10         380         723
          11          11           4          11         402         770
          11          11           0           1         202         961
          11          11           0           2         274         937
          11          11           0           3         168         949
          11          11           0           4         224        1096
          11          11           0           5         200        1101
          11          11           0           6         236        1110
          11          11           0           7         206         954
          11          11           0           8         271        1164
          11          11           0           9         166        1223
          11          11           0          10         223        1371
          11          11           0          11         193        1242
          11          11           0          12         238        1280
          11          11           2           0         370         829
          11          11           2           1         287         751
          11          11           2           2         345         775
          11          11           2           3         356         795
          11          11           2           4         370         774
          11          11           2           5         455         810
          11          11           2           6         387         771
          11          11           2           7         388         771
          11          11           2           8         412         839
          11          11           2           9         343         758
          11          11           2          10         410         891
          11          11           2          11         327         838
          11          11           1           0         184         753
          11          11           1           1         208         858
          11          11           1           2         268         810
          11          11           1           3         306         883
          11          11           1           4         252         856
          11          11           1           5         281         864
          11          11           1           6         247         838
          11          11           1           7         308         822
          11          11           1           8         257         731
          11          11           1           9         301         757
          11          11           1          10         368         896
          11          11           1          11         302         761
