          11          11           3           1         201         784
          11          11           3           2         200         753
          11          11           3           3         203         749
          11          11           3           4         138         695
          11          11           3           5         224         857
          11          11           3           6         200         846
          11          11           3           7         142         674
          11          11           3           8         328         895
          11          11           3           9         167         955
          11          11           3          10         259         930
          11          11           3          11         228         989
          11          11           3          12         160         986
          11          11           5           0         334         852
          11          11           5           1         323         831
          11          11           5           2         233         706
          11          11           5           3         239         760
          11          11           5           4         267         832
          11          11           5           5         217         770
          11          11           5           6         249         861
          11          11           5           7         215         847
          11          11           5           8         244         761
          11          11           5           9         243         813
          11          11           5          10         218         806
          11          11           5          11         238         869
          11          11           4           0         288         797
          11          11           4           1         268         868
          11          11           4           2         198         723
          11          11           4           3         242         708
          11          11           4           4         140         684
          11          11           4           5         442         542
          11          11           4           6         198         709
          11          11           4           7         148         671
          11          11           4           8         237         816
          11          11           4           9         140         680
          11          11           4          10          98         697
          11          11           4          11         136         719
          11          11           0           1         199         946
          11          11           0           2         270         963
          11          11           0           3         174         958
          11          11           0           4         228        1120
          11          11           0           5         206        1133
          11          11           0           6         238        1171
          11          11           0           7         201        1246
          11          11           0           8         310         790
          11          11           0           9         178         852
          11          11           0          10         229         892
          11          11           0          11         195         825
          11          11           0          12         244         904
          11          11           2           0         457         867
          11          11           2           1         327         814
          11          11           2           2         364         857
          11          11           2           3         356         872
          11          11           2           4         402         882
          11          11           2           5         453         928
          11          11           2           6         388         893
          11          11           2           7         403         865
          11          11           2           8         431         950
          11          11           2           9         366         891
          11          11           2          10         421        1064
          11          11           2          11         311        1109
          11          11           1           0         186         867
          11          11           1           1         236        1026
          11          11           1           2         300         957
          11          11           1           3         368         985
          11          11           1           4         402         931
          11          11           1           5         430         933
          11          11           1           6         357         893
          11          11           1           7         368         889
          11          11           1           8         285         799
          11          11           1           9         298         815
          11          11           1          10         321        1015
          11          11           1          11         245         883
