          11          11           3           1         166        2705
          11          11           3           2         165        2418
          11          11           3           3         169        2420
          11          11           3           4         104        2298
          11          11           3           5         189        2550
          11          11           3           6         164        2512
          11          11           3           7         113        1581
          11          11           3           8         284        1576
          11          11           3           9         126        2332
          11          11           3          10         218        2081
          11          11           3          11         180        2293
          11          11           3          12         113        2473
          11          11           5           0         162        1354
          11          11           5           1         173        1348
          11          11           5           2         116        1108
          11          11           5           3         117        1067
          11          11           5           4         174        1068
          11          11           5           5         167         879
          11          11           5           6         272         942
          11          11           5           7         216         887
          11          11           5           8         202         838
          11          11           5           9         202         956
          11          11           5          10         189         943
          11          11           5          11         209        1017
          11          11           4           0         245        1089
          11          11           4           1         241        1312
          11          11           4           2         155        1260
          11          11           4           3         199        1317
          11          11           4           4          92        1441
          11          11           4           5         417         529
          11          11           4           6         153        1702
          11          11           4           7          98        1622
          11          11           4           8         191        1862
          11          11           4           9          94        1674
          11          11           4          10          47        1791
          11          11           4          11          87        1734
          11          11           0           1         136        1745
          11          11           0           2         226        1674
          11          11           0           3          97        1714
          11          11           0           4         167        1868
          11          11           0           5         164        1816
          11          11           0           6         190        1694
          11          11           0           7         148        1241
          11          11           0           8         260        1046
          11          11           0           9         144        1117
          11          11           0          10         198        1194
          11          11           0          11         165        1127
          11          11           0          12         214        1197
          11          11           2           0         237        1249
          11          11           2           1         118        1188
          11          11           2           2         156        1252
          11          11           2           3         120        1284
          11          11           2           4         118        1267
          11          11           2           5         180        1344
          11          11           2           6         174        1321
          11          11           2           7         152        1233
          11          11           2           8         198        1344
          11          11           2           9         189        1217
          11          11           2          10         153        1392
          11          11           2          11         141        1259
          11          11           1           0         100         987
          11          11           1           1         170        1243
          11          11           1           2         195        1120
          11          11           1           3         232        1223
          11          11           1           4         138        1269
          11          11           1           5         172        1344
          11          11           1           6         132        1383
          11          11           1           7         173        1359
          11          11           1           8          99        1258
          11          11           1           9         163        1271
          11          11           1          10         148        1436
          11          11           1          11         110        1219
