          11          11           3           1         307         890
          11          11           3           2         319         830
          11          11           3           3         305         859
          11          11           3           4         232         825
          11          11           3           5         331         982
          11          11           3           6         314         986
          11          11           3           7         181         919
          11          11           3           8         343         999
          11          11           3           9         189        1038
          11          11           3          10         295        1024
          11          11           3          11         262        1133
          11          11           3          12         176        1137
          11          11           5           0         369         835
          11          11           5           1         407         832
          11          11           5           2         331         700
          11          11           5           3         366         727
          11          11           5           4         408         809
          11          11           5           5         356         734
          11          11           5           6         437         815
          11          11           5           7         407         779
          11          11           5           8         371         729
          11          11           5           9         392         813
          11          11           5          10         385         797
          11          11           5          11         373         836
          11          11           4           0        1300        1538
          11          11           4           1         606        1119
          11          11           4           2         463         983
          11          11           4           3         508         909
          11          11           4           4         449         847
          11          11           4           5           0           0
          11          11           4           6         453         828
          11          11           4           7         389         844
          11          11           4           8         554        1012
          11          11           4           9         425         879
          11          11           4          10         437         902
          11          11           4          11         431         928
          11          11           0           1         201         967
          11          11           0           2         278         966
          11          11           0           3         177         960
          11          11           0           4         239        1103
          11          11           0           5         207        1089
          11          11           0           6         250        1101
          11          11           0           7         208         999
          11          11           0           8         255        1255
          11          11           0           9         160        1310
          11          11           0          10         221        1477
          11          11           0          11         190        1353
          11          11           0          12         236        1423
          11          11           2           0         393         843
          11          11           2           1         269         760
          11          11           2           2         313         830
          11          11           2           3         292         867
          11          11           2           4         307         836
          11          11           2           5         382         881
          11          11           2           6         334         863
          11          11           2           7         343         855
          11          11           2           8         376         876
          11          11           2           9         312         815
          11          11           2          10         362         884
          11          11           2          11         237         845
          11          11           1           0         178         837
          11          11           1           1         212         929
          11          11           1           2         263         913
          11          11           1           3         298        1036
          11          11           1           4         239        1027
          11          11           1           5         262        1022
          11          11           1           6         216         982
          11          11           1           7         263         938
          11          11           1           8         209         797
          11          11           1           9         255         776
          11          11           1          10         308         925
          11          11           1          11         250         811
