          11          11           3           1         282         871
          11          11           3           2         274         830
          11          11           3           3         264         835
          11          11           3           4         187         828
          11          11           3           5         263         998
          11          11           3           6         264         991
          11          11           3           7         146         934
          11          11           3           8         363         953
          11          11           3           9         179         983
          11          11           3          10         277        1009
          11          11           3          11         238        1088
          11          11           3          12         154        1062
          11          11           5           0         194        1218
          11          11           5           1         208        1069
          11          11           5           2         174         805
          11          11           5           3         182         737
          11          11           5           4         211         811
          11          11           5           5         165         727
          11          11           5           6         204         794
          11          11           5           7         192         777
          11          11           5           8         233         733
          11          11           5           9         238         793
          11          11           5          10         213         776
          11          11           5          11         237         789
          11          11           4           0         482         942
          11          11           4           1         514        1008
          11          11           4           2         307         846
          11          11           4           3         364         813
          11          11           4           4         290         789
          11          11           4           5           0           0
          11          11           4           6         309         805
          11          11           4           7         255         798
          11          11           4           8         385         954
          11          11           4           9         238         804
          11          11           4          10         227         801
          11          11           4          11         185         865
          11          11           0           1         209         998
          11          11           0           2         275         983
          11          11           0           3         169        1008
          11          11           0           4         227        1148
          11          11           0           5         204        1145
          11          11           0           6         244        1149
          11          11           0           7         197        1025
          11          11           0           8         247        1243
          11          11           0           9         162        1278
          11          11           0          10         220        1441
          11          11           0          11         189        1366
          11          11           0          12         236        1415
          11          11           2           0         336         823
          11          11           2           1         194         731
          11          11           2           2         225         788
          11          11           2           3         205         818
          11          11           2           4         215         831
          11          11           2           5         286         855
          11          11           2           6         258         831
          11          11           2           7         260         787
          11          11           2           8         286         817
          11          11           2           9         243         749
          11          11           2          10         280         911
          11          11           2          11         210         907
          11          11           1           0         122         817
          11          11           1           1         201         964
          11          11           1           2         222         880
          11          11           1           3         261         970
          11          11           1           4         176         950
          11          11           1           5         210         950
          11          11           1           6         177         925
          11          11           1           7         212         911
          11          11           1           8         136         851
          11          11           1           9         198         867
          11          11           1          10         190        1005
          11          11           1          11         150         853
