          11          11           3           1         197        1932
          11          11           3           2         196        1613
          11          11           3           3         198        1615
          11          11           3           4         130        1502
          11          11           3           5         214        1700
          11          11           3           6         190        1703
          11          11           3           7         138        1178
          11          11           3           8         308        1053
          11          11           3           9         159        1223
          11          11           3          10         252        1144
          11          11           3          11         214        1276
          11          11           3          12         149        1261
          11          11           5           0         338         814
          11          11           5           1         338         863
          11          11           5           2         256         718
          11          11           5           3         261         748
          11          11           5           4         314         826
          11          11           5           5         240         767
          11          11           5           6         300         904
          11          11           5           7         237         916
          11          11           5           8         224         874
          11          11           5           9         236         976
          11          11           5          10         218         925
          11          11           5          11         236         964
          11          11           4           0         292        1054
          11          11           4           1         371        1201
          11          11           4           2         188        1115
          11          11           4           3         232        1120
          11          11           4           4         139        1165
          11          11           4           5         428         535
          11          11           4           6         186        1292
          11          11           4           7         133        1213
          11          11           4           8         233        1408
          11          11           4           9         130        1225
          11          11           4          10          87        1295
          11          11           4          11         126        1265
          11          11           0           1           0           0
          11          11           0           2           0           0
          11          11           0           3           0           0
          11          11           0           4           0           0
          11          11           0           5           0           0
          11          11           0           6           0           0
          11          11           0           7           0           0
          11          11           0           8           0           0
          11          11           0           9           0           0
          11          11           0          10           0           0
          11          11           0          11           0           0
          11          11           0          12           0           0
          11          11           2           0           0           0
          11          11           2           1           0           0
          11          11           2           2           0           0
          11          11           2           3           0           0
          11          11           2           4           0           0
          11          11           2           5           0           0
          11          11           2           6           0           0
          11          11           2           7           0           0
          11          11           2           8           0           0
          11          11           2           9           0           0
          11          11           2          10           0           0
          11          11           2          11           0           0
          11          11           1           0           0           0
          11          11           1           1           0           0
          11          11           1           2           0           0
          11          11           1           3           0           0
          11          11           1           4           0           0
          11          11           1           5           0           0
          11          11           1           6           0           0
          11          11           1           7           0           0
          11          11           1           8           0           0
          11          11           1           9           0           0
          11          11           1          10           0           0
          11          11           1          11           0           0
