          11          11           3           1         173        2452
          11          11           3           2         172        2190
          11          11           3           3         178        2236
          11          11           3           4         112        2082
          11          11           3           5         197        2329
          11          11           3           6         171        2268
          11          11           3           7         117        1519
          11          11           3           8         284        1686
          11          11           3           9         132        2237
          11          11           3          10         223        2074
          11          11           3          11         183        2263
          11          11           3          12         115        2404
          11          11           5           0         171        1408
          11          11           5           1         183        1403
          11          11           5           2         157        1138
          11          11           5           3         222        1052
          11          11           5           4         317        1060
          11          11           5           5         299         855
          11          11           5           6         363         888
          11          11           5           7         306         835
          11          11           5           8         287         830
          11          11           5           9         285         969
          11          11           5          10         246         983
          11          11           5          11         283        1019
          11          11           4           0         290        1118
          11          11           4           1         298        1324
          11          11           4           2         166        1325
          11          11           4           3         209        1399
          11          11           4           4         104        1516
          11          11           4           5         418         529
          11          11           4           6         163        1789
          11          11           4           7         107        1709
          11          11           4           8         200        1968
          11          11           4           9         104        1772
          11          11           4          10          56        1866
          11          11           4          11          93        1870
          11          11           0           1         142        2094
          11          11           0           2         231        1941
          11          11           0           3         103        1937
          11          11           0           4         173        2111
          11          11           0           5         170        2114
          11          11           0           6         196        2038
          11          11           0           7         152        1423
          11          11           0           8         285        1037
          11          11           0           9         150        1164
          11          11           0          10         206        1233
          11          11           0          11         170        1165
          11          11           0          12         215        1278
          11          11           2           0         246        1162
          11          11           2           1         128        1096
          11          11           2           2         165        1156
          11          11           2           3         130        1213
          11          11           2           4         126        1196
          11          11           2           5         188        1285
          11          11           2           6         183        1291
          11          11           2           7         161        1196
          11          11           2           8         206        1289
          11          11           2           9         199        1182
          11          11           2          10         161        1383
          11          11           2          11         150        1335
          11          11           1           0         107        1014
          11          11           1           1         179        1251
          11          11           1           2         199        1119
          11          11           1           3         239        1211
          11          11           1           4         147        1240
          11          11           1           5         181        1324
          11          11           1           6         140        1338
          11          11           1           7         183        1285
          11          11           1           8         110        1186
          11          11           1           9         174        1186
          11          11           1          10         159        1356
          11          11           1          11         120        1215
