           2          13           3           1        0000        0000
           2          13           3           2        0000        0000
           2          13           3           3        0000        0000
           2          13           3           4        0000        0000
           2          13           3           5        0000        0000
           2          13           3           6        0000        0000
           2          13           3           7        0000        0000
           2          13           3           8        0000        0000
           2          13           3           9        0000        0000
           2          13           3          10        0000        0000
           2          13           3          11        0000        0000
           2          13           3          12        0000        0000
           2          13           9           0        0000        0000
           2          13           9           1        0000        0000
           2          13           9           2        0000        0000
           2          13           9           3        0000        0000
           2          13           9           4        0000        0000
           2          13           9           5        0000        0000
           2          13           9           6        0000        0000
           2          13           9           7        0000        0000
           2          13           9           8        0000        0000
           2          13           9           9        0000        0000
           2          13           9          10        0000        0000
           2          13           9          11        0000        0000
           2          13           8           0        0000        0000
           2          13           8           1        0000        0000
           2          13           8           2        0000        0000
           2          13           8           3        0000        0000
           2          13           8           4        0000        0000
           2          13           8           5        0000        0000
           2          13           8           6        0000        0000
           2          13           8           7        0000        0000
           2          13           8           8        0000        0000
           2          13           8           9        0000        0000
           2          13           8          10        0000        0000
           2          13           8          11        0000        0000
           2          13           0           1        0000        0000
           2          13           0           2        0000        0000
           2          13           0           3        0000        0000
           2          13           0           4        0000        0000
           2          13           0           5        0000        0000
           2          13           0           6        0000        0000
           2          13           0           7        0000        0000
           2          13           0           8        0000        0000
           2          13           0           9        0000        0000
           2          13           0          10        0000        0000
           2          13           0          11        0000        0000
           2          13           0          12        0000        0000
           2          13           2           0        0000        0000
           2          13           2           1        0000        0000
           2          13           2           2        0000        0000
           2          13           2           3        0000        0000
           2          13           2           4        0000        0000
           2          13           2           5        0000        0000
           2          13           2           6        0000        0000
           2          13           2           7        0000        0000
           2          13           2           8        0000        0000
           2          13           2           9        0000        0000
           2          13           2          10        0000        0000
           2          13           2          11        0000        0000
           2          13           1           0        0000        0000
           2          13           1           1        0000        0000
           2          13           1           2        0000        0000
           2          13           1           3        0000        0000
           2          13           1           4        0000        0000
           2          13           1           5        0000        0000
           2          13           1           6        0000        0000
           2          13           1           7        0000        0000
           2          13           1           8        0000        0000
           2          13           1           9        0000        0000
           2          13           1          10        0000        0000
           2          13           1          11        0000        0000
